JD V-C s1 V-K1 s2 V-K2 s3 V-K3 s4 C1-K1 s5 C1-K2 s6 C1-K3 s7 C2-K1 s8 C2-K2 s9 C2-K3 s10 C3-K1 s11 C3-K2 s12 C3-K3 s13 K1-K2 s14 K1-K3 s15 K2-K3 s16
Aperture: 6, Filter: L, JD: geocentric
2459543.3105556 0.54607 0.00957 1.15335 0.00989 0.69797 0.01055 0.08507 0.01195 1.26221 0.01028 0.80683 0.01091 0.19394 0.01228 0.96751 0.00922 0.51213 0.00992 -0.10076 0.01141 0.00883 0.00693 -0.44655 0.00784 -1.05944 0.00965 -0.45538 0.00781 -1.06827 0.00963 -0.61289 0.01030
2459543.3113079 0.54555 0.00962 1.15266 0.00994 0.70172 0.01060 0.07953 0.01201 1.25092 0.01035 0.79997 0.01097 0.17779 0.01235 0.96706 0.00929 0.51612 0.00999 -0.10607 0.01148 0.01232 0.00698 -0.43863 0.00788 -1.06081 0.00970 -0.45095 0.00786 -1.07313 0.00968 -0.62218 0.01035
2459543.3120718 0.54299 0.00961 1.14495 0.00994 0.70298 0.01057 0.09324 0.01196 1.24816 0.01035 0.80620 0.01096 0.19645 0.01230 0.95585 0.00924 0.51388 0.00991 -0.09586 0.01139 0.00891 0.00698 -0.43305 0.00784 -1.04280 0.00964 -0.44197 0.00782 -1.05171 0.00962 -0.60974 0.01026
2459543.3128241 0.54166 0.00976 1.15052 0.01008 0.69159 0.01076 0.07953 0.01218 1.26630 0.01053 0.80737 0.01118 0.19531 0.01255 0.95705 0.00939 0.49812 0.01010 -0.11394 0.01161 0.01465 0.00707 -0.44428 0.00800 -1.05634 0.00982 -0.45893 0.00797 -1.07099 0.00980 -0.61206 0.01049
2459543.3135880 0.53852 0.00974 1.14682 0.01006 0.68694 0.01073 0.08150 0.01215 1.24614 0.01047 0.78625 0.01111 0.18081 0.01249 0.96550 0.00942 0.50561 0.01013 -0.09982 0.01162 0.01657 0.00708 -0.44332 0.00800 -1.04876 0.00982 -0.45989 0.00796 -1.06533 0.00979 -0.60544 0.01048
2459543.3143519 0.56708 0.00987 1.14324 0.01023 0.71957 0.01084 0.10380 0.01228 1.21805 0.01052 0.79438 0.01111 0.17861 0.01252 0.93055 0.00943 0.50688 0.01009 -0.10888 0.01162 -0.01571 0.00714 -0.43938 0.00799 -1.05514 0.00986 -0.42367 0.00801 -1.03943 0.00987 -0.61577 0.01050
2459543.3151157 0.55687 0.00961 1.17784 0.00992 0.70641 0.01057 0.09492 0.01198 1.26334 0.01026 0.79191 0.01090 0.18041 0.01227 0.97773 0.00918 0.50630 0.00988 -0.10519 0.01138 0.02797 0.00691 -0.44346 0.00782 -1.05495 0.00964 -0.47143 0.00778 -1.08293 0.00960 -0.61150 0.01028
2459543.3158796 0.55076 0.01010 1.15535 0.01043 0.71022 0.01108 0.10091 0.01254 1.25249 0.01079 0.80736 0.01142 0.19805 0.01284 0.97061 0.00969 0.52548 0.01039 -0.08383 0.01193 0.00598 0.00727 -0.43915 0.00818 -1.04846 0.01006 -0.44513 0.00815 -1.05444 0.01005 -0.60931 0.01072
2459543.3166319 0.55389 0.00962 1.15580 0.00994 0.69208 0.01059 0.08767 0.01198 1.25632 0.01034 0.79259 0.01097 0.18818 0.01232 0.95378 0.00919 0.49006 0.00989 -0.11435 0.01137 0.00711 0.00694 -0.45661 0.00784 -1.06102 0.00964 -0.46372 0.00783 -1.06813 0.00963 -0.60441 0.01030
2459543.3173958 0.55864 0.00951 1.16798 0.00983 0.71665 0.01045 0.09831 0.01185 1.25687 0.01018 0.80554 0.01078 0.18720 0.01214 0.97220 0.00916 0.52087 0.00982 -0.09747 0.01130 0.01215 0.00687 -0.43918 0.00773 -1.05752 0.00954 -0.45133 0.00771 -1.06966 0.00952 -0.61833 0.01016
2459543.3181597 0.56856 0.00954 1.17125 0.00986 0.71213 0.01050 0.10816 0.01184 1.25473 0.01023 0.79561 0.01085 0.19163 0.01215 0.95277 0.00912 0.49365 0.00981 -0.11033 0.01123 0.00940 0.00688 -0.44972 0.00777 -1.05370 0.00951 -0.45912 0.00775 -1.06310 0.00949 -0.60398 0.01016
2459543.3189236 0.56597 0.00974 1.17214 0.01006 0.71794 0.01070 0.10904 0.01209 1.25810 0.01038 0.80389 0.01100 0.19499 0.01236 0.96311 0.00930 0.50891 0.00999 -0.09999 0.01147 0.01005 0.00698 -0.44415 0.00788 -1.05306 0.00969 -0.45420 0.00786 -1.06311 0.00967 -0.60891 0.01034
2459543.3196759 0.57299 0.01018 1.17694 0.01050 0.73489 0.01115 0.13317 0.01255 1.25399 0.01079 0.81195 0.01142 0.21022 0.01279 0.96305 0.00967 0.52100 0.01037 -0.08072 0.01186 0.00752 0.00725 -0.43453 0.00816 -1.03625 0.00998 -0.44205 0.00813 -1.04377 0.00996 -0.60173 0.01064
2459543.3204398 0.56089 0.00989 1.16515 0.01021 0.70197 0.01088 0.09697 0.01229 1.24737 0.01051 0.78420 0.01117 0.17920 0.01254 0.96113 0.00944 0.49796 0.01017 -0.10704 0.01166 0.01097 0.00709 -0.45220 0.00803 -1.05721 0.00985 -0.46317 0.00800 -1.06817 0.00983 -0.60500 0.01052
2459543.3211921 0.57139 0.01003 1.17992 0.01035 0.70813 0.01103 0.11200 0.01245 1.26084 0.01067 0.78906 0.01134 0.19293 0.01272 0.96036 0.00952 0.48858 0.01026 -0.10755 0.01177 0.01441 0.00716 -0.45737 0.00812 -1.05350 0.00996 -0.47178 0.00809 -1.06791 0.00993 -0.59613 0.01064
2459543.3219560 0.57354 0.01186 1.17991 0.01221 0.71717 0.01302 0.10457 0.01470 1.25292 0.01257 0.79018 0.01336 0.17758 0.01501 0.96804 0.01124 0.50529 0.01212 -0.10730 0.01392 0.01000 0.00836 -0.45275 0.00950 -1.06535 0.01171 -0.46275 0.00946 -1.07535 0.01168 -0.61260 0.01252
2459543.3227199 0.56298 0.01298 1.16770 0.01336 0.71231 0.01423 0.11534 0.01612 1.24186 0.01370 0.78646 0.01455 0.18949 0.01640 0.94695 0.01222 0.49155 0.01317 -0.10542 0.01519 0.01954 0.00914 -0.43586 0.01037 -1.03283 0.01284 -0.45540 0.01032 -1.05237 0.01279 -0.59697 0.01370
2459543.3234838 0.55988 0.01186 1.16602 0.01221 0.72383 0.01298 0.10821 0.01472 1.25687 0.01268 0.81468 0.01342 0.19905 0.01511 0.96522 0.01129 0.52303 0.01212 -0.09260 0.01397 0.00951 0.00842 -0.43268 0.00951 -1.04830 0.01177 -0.44219 0.00947 -1.05782 0.01174 -0.61563 0.01254
2459543.3242361 0.56488 0.00969 1.17153 0.01001 0.71796 0.01064 0.10795 0.01203 1.25308 0.01033 0.79951 0.01095 0.18951 0.01230 0.97008 0.00926 0.51651 0.00994 -0.09350 0.01142 0.00957 0.00695 -0.44400 0.00783 -1.05400 0.00964 -0.45357 0.00781 -1.06357 0.00962 -0.61000 0.01028
2459543.3250000 0.58363 0.00984 1.19309 0.01016 0.73902 0.01080 0.12259 0.01219 1.25358 0.01041 0.79952 0.01104 0.18308 0.01240 0.96723 0.00933 0.51317 0.01003 -0.10327 0.01151 0.01547 0.00703 -0.43859 0.00793 -1.05503 0.00974 -0.45406 0.00790 -1.07050 0.00972 -0.61643 0.01038
2459543.3257523 0.57159 0.00956 1.18722 0.00986 0.72135 0.01051 0.10818 0.01188 1.26044 0.01015 0.79457 0.01078 0.18140 0.01212 0.97389 0.00911 0.50802 0.00981 -0.10515 0.01126 0.02122 0.00685 -0.44464 0.00776 -1.05781 0.00953 -0.46587 0.00772 -1.07904 0.00950 -0.61317 0.01017
2459543.3265162 0.58070 0.00956 1.18616 0.00988 0.73407 0.01050 0.11616 0.01188 1.25061 0.01012 0.79852 0.01073 0.18061 0.01208 0.96434 0.00908 0.51226 0.00976 -0.10566 0.01123 0.01067 0.00684 -0.44141 0.00771 -1.05933 0.00950 -0.45209 0.00769 -1.07000 0.00949 -0.61791 0.01014
2459543.3272801 0.57120 0.00939 1.17817 0.00971 0.71987 0.01033 0.11984 0.01162 1.26277 0.01002 0.80448 0.01063 0.20444 0.01189 0.95974 0.00897 0.50145 0.00965 -0.09859 0.01102 0.01136 0.00675 -0.44694 0.00762 -1.04698 0.00930 -0.45830 0.00761 -1.05834 0.00928 -0.60004 0.00994
2459543.3280440 0.58115 0.00940 1.18970 0.00971 0.73150 0.01033 0.12304 0.01166 1.25803 0.00997 0.79983 0.01058 0.19137 0.01188 0.97114 0.00895 0.51294 0.00962 -0.09552 0.01104 0.01086 0.00673 -0.44735 0.00759 -1.05581 0.00933 -0.45820 0.00757 -1.06666 0.00931 -0.60846 0.00995
2459543.3287963 0.59354 0.00947 1.19938 0.00977 0.74381 0.01038 0.12680 0.01173 1.25623 0.00998 0.80066 0.01058 0.18365 0.01191 0.96819 0.00896 0.51262 0.00962 -0.10440 0.01107 0.00797 0.00672 -0.44760 0.00758 -1.06462 0.00935 -0.45557 0.00756 -1.07258 0.00933 -0.61701 0.00997
2459543.3295602 0.58396 0.00940 1.19097 0.00971 0.72492 0.01034 0.12371 0.01166 1.26377 0.00997 0.79772 0.01059 0.19651 0.01188 0.96258 0.00890 0.49653 0.00959 -0.10468 0.01099 0.00991 0.00672 -0.45614 0.00760 -1.05735 0.00931 -0.46605 0.00759 -1.06726 0.00930 -0.60121 0.00996
2459543.3303125 0.58099 0.00942 1.18979 0.00972 0.74081 0.01033 0.12742 0.01168 1.25701 0.01000 0.80803 0.01059 0.19464 0.01190 0.96720 0.00896 0.51822 0.00962 -0.09517 0.01105 0.01325 0.00674 -0.43573 0.00759 -1.04912 0.00934 -0.44898 0.00756 -1.06237 0.00931 -0.61338 0.00995
2459543.3317593 0.58776 0.00942 1.20037 0.00973 0.73792 0.01035 0.12888 0.01168 1.26531 0.00998 0.80286 0.01059 0.19382 0.01189 0.96826 0.00892 0.50581 0.00959 -0.10323 0.01102 0.01678 0.00673 -0.44567 0.00760 -1.05472 0.00933 -0.46245 0.00757 -1.07149 0.00931 -0.60904 0.00996
2459543.3325231 0.59890 0.00951 1.20495 0.00982 0.74610 0.01044 0.14610 0.01174 1.25108 0.00998 0.79223 0.01059 0.19223 0.01188 0.96731 0.00896 0.50846 0.00963 -0.09154 0.01103 0.01032 0.00674 -0.44853 0.00762 -1.04852 0.00933 -0.45885 0.00760 -1.05885 0.00931 -0.60000 0.00996
2459543.3332755 0.59542 0.00953 1.20955 0.00983 0.74144 0.01047 0.13525 0.01181 1.26221 0.01003 0.79410 0.01066 0.18791 0.01198 0.97382 0.00903 0.50572 0.00972 -0.10047 0.01115 0.01807 0.00677 -0.45003 0.00767 -1.05622 0.00942 -0.46810 0.00764 -1.07429 0.00939 -0.60619 0.01006
2459543.3340394 0.58561 0.00945 1.19667 0.00976 0.74219 0.01037 0.13427 0.01170 1.26074 0.01002 0.80626 0.01062 0.19835 0.01192 0.96813 0.00898 0.51365 0.00964 -0.09427 0.01106 0.01560 0.00676 -0.43888 0.00762 -1.04680 0.00935 -0.45449 0.00758 -1.06240 0.00932 -0.60791 0.00996
2459543.3348032 0.58466 0.00939 1.19140 0.00970 0.73610 0.01032 0.11805 0.01166 1.26344 0.00996 0.80814 0.01056 0.19009 0.01187 0.96122 0.00892 0.50592 0.00959 -0.11213 0.01102 0.01013 0.00671 -0.44516 0.00758 -1.06322 0.00932 -0.45530 0.00755 -1.07335 0.00930 -0.61805 0.00994
2459543.3355787 0.60479 0.00949 1.20866 0.00980 0.75784 0.01040 0.13951 0.01174 1.25200 0.01000 0.80118 0.01059 0.18285 0.01191 0.95895 0.00894 0.50813 0.00959 -0.11020 0.01103 0.00973 0.00674 -0.44110 0.00758 -1.05943 0.00933 -0.45082 0.00757 -1.06915 0.00932 -0.61833 0.00995
2459543.3363310 0.59464 0.00949 1.21625 0.00979 0.74858 0.01043 0.15404 0.01171 1.26059 0.00994 0.79292 0.01057 0.19838 0.01183 0.97065 0.00893 0.50298 0.00962 -0.09156 0.01100 0.03292 0.00675 -0.43474 0.00764 -1.02928 0.00931 -0.46767 0.00758 -1.06221 0.00927 -0.59454 0.00994
2459543.3370949 0.59774 0.00945 1.19294 0.00978 0.74381 0.01039 0.14442 0.01170 1.23943 0.00994 0.79031 0.01054 0.19092 0.01184 0.94604 0.00892 0.49692 0.00959 -0.10247 0.01100 0.00406 0.00676 -0.44507 0.00762 -1.04446 0.00933 -0.44913 0.00761 -1.04851 0.00932 -0.59939 0.00996
2459543.3378588 0.59520 0.00950 1.20815 0.00980 0.74685 0.01042 0.13936 0.01173 1.25843 0.01001 0.79714 0.01063 0.18965 0.01191 0.96491 0.00893 0.50361 0.00962 -0.10388 0.01102 0.02096 0.00674 -0.44034 0.00762 -1.04783 0.00933 -0.46130 0.00758 -1.06879 0.00930 -0.60749 0.00996
2459543.3386227 0.60066 0.00940 1.20507 0.00971 0.74895 0.01032 0.13285 0.01166 1.24310 0.00990 0.78699 0.01050 0.17088 0.01182 0.96883 0.00893 0.51272 0.00959 -0.10339 0.01102 0.00939 0.00669 -0.44672 0.00756 -1.06283 0.00930 -0.45611 0.00754 -1.07222 0.00928 -0.61610 0.00992
2459543.3393750 0.60177 0.00942 1.20515 0.00974 0.75146 0.01034 0.13337 0.01168 1.24961 0.00991 0.79591 0.01050 0.17782 0.01182 0.96227 0.00888 0.50858 0.00954 -0.10951 0.01098 0.00825 0.00670 -0.44545 0.00755 -1.06354 0.00930 -0.45369 0.00754 -1.07178 0.00929 -0.61809 0.00992
2459543.3401505 0.59600 0.00944 1.20681 0.00975 0.74698 0.01036 0.14158 0.01166 1.24946 0.00990 0.78963 0.01051 0.18423 0.01180 0.96640 0.00890 0.50658 0.00957 -0.09883 0.01097 0.01948 0.00671 -0.44035 0.00758 -1.04575 0.00928 -0.45982 0.00754 -1.06523 0.00925 -0.60540 0.00990
2459543.3409028 0.60307 0.00935 1.21303 0.00965 0.75165 0.01027 0.13840 0.01159 1.25430 0.00984 0.79293 0.01045 0.17968 0.01175 0.96207 0.00882 0.50069 0.00949 -0.11256 0.01091 0.01827 0.00667 -0.44310 0.00753 -1.05636 0.00925 -0.46137 0.00749 -1.07462 0.00922 -0.61325 0.00987
2459543.3416667 0.59911 0.00938 1.20929 0.00968 0.75419 0.01029 0.13882 0.01162 1.26680 0.00989 0.81170 0.01048 0.19633 0.01179 0.96415 0.00886 0.50905 0.00952 -0.10632 0.01095 0.01380 0.00667 -0.44130 0.00753 -1.05667 0.00926 -0.45510 0.00750 -1.07047 0.00924 -0.61537 0.00987
2459543.3424306 0.60813 0.00941 1.21633 0.00972 0.75952 0.01033 0.14494 0.01164 1.25384 0.00985 0.79703 0.01045 0.18245 0.01175 0.96538 0.00886 0.50857 0.00952 -0.10601 0.01094 0.01397 0.00666 -0.44284 0.00753 -1.05742 0.00925 -0.45681 0.00750 -1.07139 0.00923 -0.61458 0.00987
2459543.3431944 0.60453 0.00943 1.20831 0.00974 0.75340 0.01035 0.14389 0.01167 1.24897 0.00992 0.79406 0.01052 0.18455 0.01181 0.96226 0.00892 0.50736 0.00958 -0.10216 0.01098 0.00916 0.00671 -0.44575 0.00757 -1.05526 0.00929 -0.45491 0.00755 -1.06442 0.00927 -0.60951 0.00991
2459543.3439468 0.60612 0.00939 1.21415 0.00970 0.75213 0.01032 0.15607 0.01159 1.25657 0.00984 0.79454 0.01045 0.19849 0.01170 0.96030 0.00883 0.49827 0.00951 -0.09778 0.01087 0.01492 0.00667 -0.44710 0.00754 -1.04316 0.00920 -0.46202 0.00751 -1.05808 0.00918 -0.59606 0.00983
2459543.3447222 0.61084 0.00941 1.21634 0.00973 0.76122 0.01033 0.14459 0.01166 1.23940 0.00980 0.78428 0.01041 0.16765 0.01172 0.96647 0.00886 0.51136 0.00952 -0.10528 0.01095 0.01346 0.00668 -0.44166 0.00754 -1.05829 0.00927 -0.45511 0.00751 -1.07175 0.00925 -0.61664 0.00989
2459543.3454861 0.59592 0.00938 1.20257 0.00968 0.74771 0.01029 0.14350 0.01158 1.26364 0.00989 0.80878 0.01048 0.20457 0.01175 0.96751 0.00887 0.51265 0.00953 -0.09156 0.01091 0.00731 0.00666 -0.44755 0.00752 -1.05176 0.00920 -0.45486 0.00750 -1.05907 0.00919 -0.60421 0.00983
2459543.3462500 0.59768 0.00938 1.21650 0.00967 0.75584 0.01029 0.14533 0.01160 1.26435 0.00989 0.80369 0.01050 0.19318 0.01179 0.97944 0.00887 0.51878 0.00954 -0.09173 0.01094 0.02319 0.00666 -0.43747 0.00753 -1.04797 0.00925 -0.46066 0.00749 -1.07117 0.00922 -0.61051 0.00986
2459543.3470023 0.60968 0.00939 1.21293 0.00970 0.76318 0.01031 0.14939 0.01160 1.26206 0.00988 0.81231 0.01047 0.19852 0.01175 0.95821 0.00880 0.50846 0.00946 -0.10532 0.01086 0.00576 0.00665 -0.44399 0.00751 -1.05777 0.00920 -0.44975 0.00749 -1.06353 0.00919 -0.61379 0.00982
2459543.3477662 0.60239 0.00936 1.21511 0.00967 0.75201 0.01028 0.14641 0.01157 1.25548 0.00982 0.79238 0.01042 0.18678 0.01170 0.97586 0.00885 0.51275 0.00951 -0.09285 0.01089 0.01694 0.00665 -0.44616 0.00751 -1.05177 0.00920 -0.46310 0.00749 -1.06870 0.00918 -0.60560 0.00982
2459543.3485301 0.60849 0.00938 1.20465 0.00969 0.75268 0.01030 0.14677 0.01158 1.24134 0.00982 0.78937 0.01042 0.18346 0.01169 0.95217 0.00882 0.50020 0.00948 -0.10570 0.01086 0.00257 0.00666 -0.44940 0.00751 -1.05531 0.00919 -0.45197 0.00750 -1.05787 0.00919 -0.60591 0.00982
2459543.3492940 0.59496 0.00934 1.19828 0.00965 0.74602 0.01025 0.13632 0.01156 1.24816 0.00982 0.79591 0.01041 0.18621 0.01170 0.96714 0.00889 0.51488 0.00953 -0.09482 0.01093 0.00658 0.00667 -0.44567 0.00751 -1.05537 0.00921 -0.45225 0.00749 -1.06195 0.00920 -0.60970 0.00983
2459543.3500463 0.61555 0.00942 1.21649 0.00973 0.75529 0.01034 0.15440 0.01163 1.24683 0.00983 0.78563 0.01044 0.18474 0.01171 0.95795 0.00884 0.49675 0.00951 -0.10414 0.01089 0.00671 0.00667 -0.45449 0.00753 -1.05538 0.00922 -0.46120 0.00752 -1.06209 0.00921 -0.60089 0.00985
2459543.3508102 0.61404 0.00948 1.22470 0.00978 0.76946 0.01039 0.16048 0.01169 1.26171 0.00992 0.80646 0.01052 0.19749 0.01181 0.97120 0.00890 0.51595 0.00957 -0.09302 0.01097 0.01333 0.00668 -0.44192 0.00754 -1.05089 0.00926 -0.45524 0.00752 -1.06422 0.00924 -0.60897 0.00988
2459543.3515741 0.60614 0.00943 1.21256 0.00974 0.76249 0.01034 0.14450 0.01166 1.24675 0.00987 0.79667 0.01046 0.17868 0.01177 0.97324 0.00892 0.52317 0.00957 -0.09482 0.01099 0.00989 0.00670 -0.44018 0.00754 -1.05817 0.00927 -0.45007 0.00753 -1.06806 0.00926 -0.61799 0.00989
2459543.3530208 0.59590 0.00940 1.20636 0.00970 0.75326 0.01030 0.13615 0.01163 1.25322 0.00985 0.80012 0.01045 0.18301 0.01175 0.97458 0.00888 0.52148 0.00953 -0.09563 0.01095 0.01427 0.00667 -0.43883 0.00752 -1.05594 0.00925 -0.45310 0.00749 -1.07021 0.00922 -0.61711 0.00985
2459543.3537963 0.60393 0.00943 1.21346 0.00974 0.75909 0.01034 0.14028 0.01167 1.24026 0.00981 0.78590 0.01041 0.16708 0.01172 0.97307 0.00890 0.51870 0.00955 -0.10011 0.01097 0.01745 0.00669 -0.43691 0.00754 -1.05573 0.00927 -0.45436 0.00751 -1.07318 0.00924 -0.61881 0.00987
2459543.3545486 0.61382 0.00943 1.21970 0.00973 0.76681 0.01033 0.15177 0.01164 1.25438 0.00987 0.80149 0.01045 0.18645 0.01175 0.97041 0.00886 0.51752 0.00951 -0.09752 0.01093 0.00771 0.00666 -0.44519 0.00750 -1.06022 0.00923 -0.45289 0.00749 -1.06792 0.00922 -0.61503 0.00984
2459543.3553125 0.60079 0.00935 1.20409 0.00966 0.75528 0.01026 0.15109 0.01156 1.26397 0.00992 0.81515 0.01051 0.21096 0.01177 0.96294 0.00885 0.51412 0.00950 -0.09007 0.01089 0.00331 0.00667 -0.44550 0.00751 -1.04969 0.00920 -0.44881 0.00750 -1.05300 0.00919 -0.60419 0.00982
2459543.3560764 0.61197 0.00945 1.21772 0.00976 0.75542 0.01037 0.15583 0.01164 1.25299 0.00993 0.79069 0.01054 0.19110 0.01178 0.95402 0.00886 0.49172 0.00953 -0.10787 0.01089 0.01474 0.00671 -0.44756 0.00758 -1.04715 0.00923 -0.46229 0.00755 -1.06189 0.00921 -0.59959 0.00986
2459543.3568519 0.59697 0.00943 1.20372 0.00974 0.75142 0.01034 0.13967 0.01164 1.25906 0.00996 0.80676 0.01056 0.19501 0.01183 0.96587 0.00893 0.51357 0.00959 -0.09819 0.01097 0.00959 0.00673 -0.44271 0.00758 -1.05446 0.00927 -0.45230 0.00755 -1.06405 0.00925 -0.61175 0.00989
2459543.3576042 0.60614 0.00947 1.21502 0.00978 0.75332 0.01040 0.15089 0.01169 1.24980 0.00993 0.78810 0.01054 0.18567 0.01182 0.96264 0.00889 0.50093 0.00957 -0.10149 0.01096 0.01760 0.00672 -0.44411 0.00759 -1.04654 0.00929 -0.46171 0.00756 -1.06413 0.00926 -0.60243 0.00991
2459543.3583681 0.59316 0.00937 1.20700 0.00967 0.75022 0.01028 0.14613 0.01157 1.26687 0.00990 0.81009 0.01049 0.20600 0.01176 0.97718 0.00890 0.52040 0.00955 -0.08369 0.01093 0.01471 0.00668 -0.44207 0.00753 -1.04616 0.00921 -0.45678 0.00750 -1.06087 0.00920 -0.60409 0.00983
2459543.3591319 0.60430 0.00947 1.21529 0.00977 0.76008 0.01038 0.14422 0.01170 1.25776 0.00993 0.80255 0.01053 0.18669 0.01184 0.97057 0.00892 0.51536 0.00958 -0.10050 0.01100 0.01540 0.00671 -0.43981 0.00757 -1.05566 0.00930 -0.45521 0.00754 -1.07107 0.00928 -0.61586 0.00991
2459543.3598958 0.59831 0.00943 1.20350 0.00975 0.75251 0.01035 0.13625 0.01169 1.25508 0.00995 0.80409 0.01054 0.18783 0.01186 0.96075 0.00890 0.50976 0.00956 -0.10650 0.01099 0.01028 0.00672 -0.44071 0.00757 -1.05696 0.00932 -0.45099 0.00755 -1.06725 0.00930 -0.61626 0.00993
2459543.3606597 0.61322 0.00945 1.21033 0.00976 0.76601 0.01036 0.15351 0.01165 1.25043 0.00990 0.80612 0.01048 0.19362 0.01176 0.95469 0.00887 0.51037 0.00952 -0.10213 0.01091 0.00028 0.00668 -0.44403 0.00752 -1.05654 0.00922 -0.44432 0.00752 -1.05682 0.00922 -0.61250 0.00984
2459543.3614236 0.59257 0.00936 1.19412 0.00968 0.74488 0.01028 0.13195 0.01159 1.24242 0.00987 0.79319 0.01046 0.18025 0.01176 0.95703 0.00889 0.50779 0.00954 -0.10514 0.01094 0.00955 0.00670 -0.43969 0.00754 -1.05262 0.00925 -0.44923 0.00752 -1.06217 0.00924 -0.61294 0.00987
2459543.3621759 0.60010 0.00944 1.20298 0.00975 0.74386 0.01037 0.15302 0.01164 1.24565 0.00993 0.78652 0.01054 0.19569 0.01178 0.96672 0.00893 0.50759 0.00960 -0.08324 0.01096 0.00681 0.00672 -0.45231 0.00759 -1.04315 0.00924 -0.45913 0.00757 -1.04996 0.00923 -0.59083 0.00988
2459543.3629398 0.59170 0.00941 1.19852 0.00972 0.73526 0.01035 0.14401 0.01162 1.24615 0.00991 0.78290 0.01052 0.19164 0.01178 0.96427 0.00891 0.50102 0.00960 -0.09023 0.01096 0.01450 0.00672 -0.44876 0.00760 -1.04001 0.00926 -0.46325 0.00758 -1.05451 0.00924 -0.59125 0.00990
2459543.3637153 0.60117 0.00945 1.21412 0.00976 0.75864 0.01037 0.14610 0.01170 1.25746 0.00993 0.80198 0.01053 0.18943 0.01184 0.97022 0.00892 0.51474 0.00958 -0.09781 0.01101 0.01904 0.00673 -0.43643 0.00758 -1.04898 0.00932 -0.45548 0.00755 -1.06802 0.00930 -0.61255 0.00993
2459543.3644907 0.61118 0.00956 1.21193 0.00988 0.75899 0.01050 0.15688 0.01180 1.24579 0.01001 0.79285 0.01062 0.19074 0.01191 0.95338 0.00896 0.50044 0.00963 -0.10167 0.01103 0.00862 0.00678 -0.44432 0.00765 -1.04643 0.00936 -0.45294 0.00763 -1.05505 0.00934 -0.60211 0.00999
2459543.3652546 0.59986 0.00953 1.20753 0.00984 0.74953 0.01046 0.14220 0.01179 1.24477 0.01003 0.78677 0.01064 0.17944 0.01195 0.96468 0.00900 0.50668 0.00968 -0.10065 0.01110 0.01626 0.00678 -0.44174 0.00765 -1.04907 0.00939 -0.45800 0.00762 -1.06533 0.00936 -0.60733 0.01001
2459543.3660185 0.58523 0.00940 1.18779 0.00972 0.73878 0.01032 0.13000 0.01163 1.25326 0.00997 0.80426 0.01055 0.19548 0.01184 0.95742 0.00893 0.50842 0.00958 -0.10037 0.01098 0.00769 0.00674 -0.44131 0.00758 -1.05010 0.00929 -0.44900 0.00756 -1.05779 0.00927 -0.60878 0.00990
2459543.3667708 0.59723 0.00945 1.19834 0.00976 0.74368 0.01038 0.13946 0.01169 1.23957 0.00994 0.78491 0.01054 0.18069 0.01184 0.96422 0.00896 0.50956 0.00962 -0.09466 0.01103 0.00671 0.00675 -0.44794 0.00761 -1.05217 0.00932 -0.45466 0.00759 -1.05888 0.00930 -0.60422 0.00994
2459543.3675347 0.58222 0.00946 1.18521 0.00977 0.72938 0.01039 0.12583 0.01171 1.25166 0.01004 0.79582 0.01065 0.19228 0.01194 0.96095 0.00899 0.50511 0.00966 -0.09844 0.01107 0.00748 0.00677 -0.44836 0.00764 -1.05190 0.00936 -0.45584 0.00762 -1.05938 0.00934 -0.60355 0.00999
2459543.3682986 0.58781 0.00946 1.19150 0.00978 0.73912 0.01039 0.13138 0.01171 1.25808 0.01004 0.80570 0.01063 0.19796 0.01193 0.96885 0.00899 0.51647 0.00965 -0.09127 0.01106 0.00339 0.00677 -0.44899 0.00762 -1.05673 0.00934 -0.45238 0.00761 -1.06012 0.00933 -0.60774 0.00997
2459543.3690509 0.58097 0.00938 1.19248 0.00969 0.73274 0.01031 0.12908 0.01161 1.26905 0.00997 0.80931 0.01057 0.20565 0.01184 0.96541 0.00891 0.50566 0.00959 -0.09799 0.01097 0.01488 0.00672 -0.44487 0.00759 -1.04853 0.00927 -0.45974 0.00757 -1.06340 0.00925 -0.60366 0.00990
2459543.3698264 0.59384 0.00943 1.19845 0.00975 0.74470 0.01036 0.13676 0.01168 1.25401 0.00997 0.80025 0.01057 0.19231 0.01187 0.95867 0.00894 0.50491 0.00960 -0.10302 0.01102 0.01049 0.00674 -0.44327 0.00760 -1.05120 0.00932 -0.45376 0.00757 -1.06169 0.00930 -0.60793 0.00994
2459543.3705903 0.57362 0.00932 1.18157 0.00963 0.72331 0.01025 0.11885 0.01156 1.25689 0.00994 0.79863 0.01055 0.19418 0.01182 0.96787 0.00891 0.50961 0.00958 -0.09484 0.01097 0.01152 0.00672 -0.44674 0.00758 -1.05119 0.00927 -0.45826 0.00756 -1.06271 0.00926 -0.60445 0.00990
2459543.3713542 0.58560 0.00945 1.18687 0.00978 0.73123 0.01040 0.12623 0.01172 1.25312 0.01006 0.79749 0.01067 0.19248 0.01195 0.95882 0.00902 0.50319 0.00970 -0.10182 0.01109 0.00491 0.00680 -0.45072 0.00767 -1.05573 0.00937 -0.45563 0.00766 -1.06064 0.00937 -0.60501 0.01002
2459543.3721181 0.58437 0.00972 1.18700 0.01005 0.74298 0.01066 0.13385 0.01201 1.25058 0.01028 0.80655 0.01088 0.19742 0.01221 0.96045 0.00921 0.51642 0.00988 -0.09271 0.01133 0.00740 0.00695 -0.43662 0.00781 -1.04575 0.00957 -0.44403 0.00779 -1.05315 0.00956 -0.60913 0.01021
2459543.3728704 0.58132 0.00952 1.17925 0.00984 0.72798 0.01046 0.13055 0.01177 1.24581 0.01010 0.79454 0.01070 0.19711 0.01198 0.95059 0.00905 0.49931 0.00972 -0.09812 0.01112 0.00488 0.00683 -0.44640 0.00770 -1.04383 0.00940 -0.45128 0.00768 -1.04870 0.00939 -0.59743 0.01003
2459543.3743171 0.57283 0.00943 1.17619 0.00975 0.72440 0.01037 0.10924 0.01171 1.24578 0.01002 0.79398 0.01062 0.17883 0.01193 0.96276 0.00902 0.51096 0.00968 -0.10419 0.01111 0.00925 0.00679 -0.44255 0.00765 -1.05770 0.00939 -0.45179 0.00763 -1.06695 0.00937 -0.61515 0.01001
2459543.3750810 0.57621 0.00939 1.18351 0.00971 0.71857 0.01035 0.12146 0.01164 1.25253 0.01000 0.78760 0.01062 0.19048 0.01189 0.96482 0.00894 0.49988 0.00962 -0.09723 0.01101 0.01306 0.00675 -0.45188 0.00764 -1.04900 0.00932 -0.46494 0.00761 -1.06205 0.00930 -0.59711 0.00996
2459543.3758449 0.57730 0.00931 1.18183 0.00962 0.72500 0.01024 0.11910 0.01153 1.25171 0.00986 0.79487 0.01046 0.18898 0.01172 0.96170 0.00889 0.50487 0.00955 -0.10103 0.01092 0.00982 0.00668 -0.44701 0.00754 -1.05291 0.00921 -0.45683 0.00753 -1.06273 0.00920 -0.60590 0.00984
2459543.3766088 0.57434 0.00923 1.17970 0.00954 0.72974 0.01014 0.11593 0.01145 1.24297 0.00979 0.79301 0.01037 0.17920 0.01166 0.96635 0.00885 0.51639 0.00950 -0.09742 0.01088 0.01212 0.00665 -0.43784 0.00749 -1.05165 0.00918 -0.44996 0.00746 -1.06377 0.00916 -0.61381 0.00979
2459543.3773843 0.55936 0.00925 1.16903 0.00956 0.71345 0.01017 0.10700 0.01147 1.26137 0.00991 0.80579 0.01050 0.19934 0.01177 0.97309 0.00888 0.51750 0.00954 -0.08895 0.01092 0.01094 0.00667 -0.44464 0.00753 -1.05109 0.00921 -0.45558 0.00751 -1.06204 0.00920 -0.60646 0.00983
2459543.3781366 0.57248 0.00923 1.17857 0.00954 0.72972 0.01014 0.11921 0.01143 1.26226 0.00986 0.81341 0.01044 0.20289 0.01170 0.96604 0.00883 0.51719 0.00949 -0.09333 0.01085 0.00739 0.00664 -0.44147 0.00748 -1.05198 0.00915 -0.44885 0.00747 -1.05937 0.00914 -0.61052 0.00977
2459543.3789005 0.56659 0.00916 1.16514 0.00948 0.71009 0.01010 0.10993 0.01138 1.24836 0.00975 0.79331 0.01035 0.19315 0.01160 0.94742 0.00876 0.49238 0.00943 -0.10779 0.01079 0.00647 0.00662 -0.44858 0.00747 -1.04874 0.00913 -0.45505 0.00746 -1.05521 0.00912 -0.60016 0.00976
2459543.3796528 0.57486 0.00920 1.17840 0.00952 0.72456 0.01012 0.13403 0.01137 1.24925 0.00979 0.79541 0.01038 0.20488 0.01159 0.96234 0.00879 0.50850 0.00944 -0.08202 0.01076 0.00861 0.00663 -0.44523 0.00748 -1.03576 0.00909 -0.45384 0.00746 -1.04437 0.00908 -0.59053 0.00971
2459543.3804282 0.55022 0.00909 1.15573 0.00940 0.69416 0.01002 0.10056 0.01129 1.25843 0.00975 0.79686 0.01035 0.20326 0.01158 0.96394 0.00876 0.50237 0.00943 -0.09123 0.01076 0.00845 0.00659 -0.45312 0.00745 -1.04672 0.00908 -0.46157 0.00744 -1.05517 0.00907 -0.59360 0.00971
2459543.3811921 0.56654 0.00915 1.17027 0.00946 0.71241 0.01007 0.12059 0.01133 1.24789 0.00974 0.79004 0.01033 0.19821 0.01156 0.96612 0.00877 0.50826 0.00942 -0.08356 0.01076 0.00782 0.00659 -0.45004 0.00744 -1.04186 0.00907 -0.45785 0.00743 -1.04968 0.00906 -0.59183 0.00970
2459543.3819560 0.56583 0.00916 1.17457 0.00947 0.72010 0.01007 0.11507 0.01137 1.25173 0.00975 0.79727 0.01034 0.19223 0.01160 0.96974 0.00877 0.51528 0.00942 -0.08976 0.01079 0.01376 0.00660 -0.44070 0.00745 -1.04574 0.00912 -0.45447 0.00742 -1.05950 0.00910 -0.60504 0.00973
2459543.3827199 0.55751 0.00914 1.15759 0.00946 0.70629 0.01006 0.10134 0.01137 1.25774 0.00983 0.80644 0.01042 0.20149 0.01168 0.95299 0.00874 0.50169 0.00939 -0.10327 0.01078 0.00382 0.00662 -0.44748 0.00745 -1.05243 0.00914 -0.45130 0.00745 -1.05625 0.00913 -0.60495 0.00976
2459543.3834838 0.56362 0.00920 1.16952 0.00951 0.70917 0.01013 0.10079 0.01146 1.25940 0.00989 0.79905 0.01049 0.19067 0.01178 0.96419 0.00880 0.50384 0.00946 -0.10454 0.01088 0.00872 0.00662 -0.45163 0.00748 -1.06001 0.00921 -0.46035 0.00747 -1.06873 0.00920 -0.60838 0.00984
2459543.3842477 0.55606 0.00919 1.15615 0.00951 0.70591 0.01012 0.09564 0.01146 1.24928 0.00983 0.79904 0.01043 0.18877 0.01173 0.96181 0.00885 0.51157 0.00950 -0.09870 0.01091 0.00285 0.00665 -0.44739 0.00750 -1.05766 0.00923 -0.45024 0.00749 -1.06051 0.00921 -0.61027 0.00985
2459543.3850116 0.56115 0.00918 1.16725 0.00949 0.70607 0.01011 0.09706 0.01143 1.25512 0.00981 0.79395 0.01042 0.18493 0.01171 0.96241 0.00882 0.50123 0.00949 -0.10779 0.01089 0.01116 0.00663 -0.45002 0.00749 -1.05904 0.00920 -0.46118 0.00747 -1.07019 0.00918 -0.60901 0.00982
2459543.3857755 0.55538 0.00918 1.15887 0.00950 0.69476 0.01013 0.10254 0.01141 1.23763 0.00982 0.77352 0.01043 0.18129 0.01168 0.97125 0.00888 0.50714 0.00955 -0.08509 0.01090 0.00857 0.00665 -0.45554 0.00753 -1.04777 0.00918 -0.46411 0.00751 -1.05634 0.00917 -0.59223 0.00982
2459543.3865278 0.55279 0.00923 1.16039 0.00954 0.70540 0.01015 0.10942 0.01146 1.25284 0.00984 0.79785 0.01044 0.20187 0.01171 0.96132 0.00885 0.50633 0.00951 -0.08965 0.01089 0.01494 0.00665 -0.44004 0.00751 -1.03603 0.00920 -0.45499 0.00748 -1.05097 0.00918 -0.59598 0.00981
2459543.3873032 0.54129 0.00916 1.14608 0.00946 0.69024 0.01009 0.09333 0.01138 1.25471 0.00991 0.79888 0.01051 0.20197 0.01175 0.96599 0.00887 0.51015 0.00953 -0.08676 0.01089 0.00753 0.00665 -0.44831 0.00751 -1.04522 0.00917 -0.45584 0.00749 -1.05275 0.00915 -0.59691 0.00980
2459543.3880671 0.54158 0.00915 1.13756 0.00948 0.69634 0.01007 0.08367 0.01142 1.24237 0.00990 0.80115 0.01046 0.18848 0.01177 0.95307 0.00887 0.51185 0.00950 -0.10082 0.01092 0.00156 0.00667 -0.43966 0.00749 -1.05233 0.00922 -0.44122 0.00748 -1.05389 0.00922 -0.61267 0.00983
2459543.3888194 0.53750 0.00909 1.13671 0.00941 0.69226 0.01001 0.07302 0.01137 1.24333 0.00984 0.79888 0.01041 0.17964 0.01172 0.95365 0.00881 0.50920 0.00944 -0.11004 0.01087 0.00660 0.00665 -0.43785 0.00747 -1.05709 0.00921 -0.44445 0.00746 -1.06369 0.00920 -0.61924 0.00981
2459543.3895833 0.54675 0.00914 1.14401 0.00946 0.69730 0.01006 0.09801 0.01137 1.24487 0.00985 0.79816 0.01043 0.19887 0.01170 0.95705 0.00883 0.51035 0.00947 -0.08895 0.01085 0.00132 0.00664 -0.44538 0.00747 -1.04468 0.00915 -0.44670 0.00746 -1.04600 0.00915 -0.59930 0.00977
2459543.3903472 0.54428 0.00909 1.14927 0.00940 0.69719 0.01000 0.08304 0.01131 1.25520 0.00978 0.80312 0.01037 0.18897 0.01164 0.96530 0.00878 0.51322 0.00943 -0.10093 0.01081 0.00801 0.00658 -0.44407 0.00743 -1.05822 0.00912 -0.45208 0.00741 -1.06623 0.00910 -0.61415 0.00973
2459543.3911111 0.52871 0.00900 1.13043 0.00931 0.68090 0.00992 0.07870 0.01125 1.24073 0.00973 0.79120 0.01031 0.18900 0.01159 0.95680 0.00874 0.50727 0.00938 -0.09494 0.01078 0.01050 0.00659 -0.43903 0.00742 -1.04124 0.00913 -0.44953 0.00740 -1.05174 0.00911 -0.60221 0.00972
2459543.3918634 0.53289 0.00901 1.13085 0.00932 0.67760 0.00993 0.07569 0.01123 1.24657 0.00975 0.79332 0.01033 0.19141 0.01159 0.95558 0.00873 0.50233 0.00937 -0.09958 0.01074 0.00261 0.00657 -0.45064 0.00740 -1.05255 0.00908 -0.45325 0.00740 -1.05516 0.00907 -0.60191 0.00970
2459543.3926273 0.53778 0.00905 1.14089 0.00936 0.68316 0.00998 0.09494 0.01123 1.24870 0.00979 0.79097 0.01037 0.20275 0.01159 0.95735 0.00875 0.49962 0.00940 -0.08860 0.01073 0.01013 0.00659 -0.44759 0.00743 -1.03582 0.00905 -0.45773 0.00742 -1.04595 0.00904 -0.58822 0.00967
2459543.3933912 0.53183 0.00906 1.13630 0.00937 0.68130 0.00999 0.07775 0.01130 1.24768 0.00977 0.79267 0.01037 0.18912 0.01164 0.96924 0.00878 0.51424 0.00944 -0.08931 0.01081 0.00788 0.00658 -0.44712 0.00744 -1.05067 0.00912 -0.45500 0.00743 -1.05855 0.00911 -0.60355 0.00975
2459543.3941551 0.52146 0.00905 1.13187 0.00935 0.67466 0.00997 0.07736 0.01128 1.25533 0.00983 0.79812 0.01041 0.20082 0.01168 0.96280 0.00876 0.50559 0.00941 -0.09171 0.01080 0.01841 0.00660 -0.43880 0.00745 -1.03610 0.00913 -0.45721 0.00741 -1.05451 0.00910 -0.59730 0.00973
2459543.3956134 0.52699 0.00904 1.12592 0.00935 0.67770 0.00996 0.06422 0.01131 1.25384 0.00983 0.80562 0.01042 0.19214 0.01171 0.95608 0.00881 0.50786 0.00946 -0.10562 0.01086 0.00177 0.00660 -0.44646 0.00744 -1.05994 0.00916 -0.44822 0.00744 -1.06170 0.00916 -0.61348 0.00979
2459543.3963657 0.52294 0.00906 1.12135 0.00938 0.67074 0.01001 0.07403 0.01131 1.24829 0.00986 0.79768 0.01046 0.20097 0.01171 0.95470 0.00880 0.50410 0.00947 -0.09262 0.01084 0.00320 0.00663 -0.44740 0.00749 -1.04412 0.00916 -0.45061 0.00748 -1.04732 0.00915 -0.59672 0.00979
2459543.3971412 0.51311 0.00907 1.12400 0.00938 0.66398 0.01001 0.05148 0.01138 1.25384 0.00986 0.79382 0.01046 0.18131 0.01179 0.97308 0.00884 0.51306 0.00951 -0.09945 0.01095 0.01545 0.00663 -0.44457 0.00749 -1.05707 0.00925 -0.46002 0.00747 -1.07253 0.00923 -0.61251 0.00987
2459543.3978935 0.52676 0.00916 1.12991 0.00947 0.67537 0.01008 0.07294 0.01145 1.24630 0.00988 0.79177 0.01047 0.18933 0.01179 0.95894 0.00887 0.50440 0.00953 -0.09803 0.01096 0.01030 0.00667 -0.44424 0.00751 -1.04667 0.00927 -0.45454 0.00749 -1.05697 0.00925 -0.60243 0.00987
2459543.3986574 0.51774 0.00914 1.12616 0.00944 0.66918 0.01007 0.06765 0.01140 1.25409 0.00993 0.79710 0.01054 0.19558 0.01181 0.95891 0.00887 0.50193 0.00954 -0.09960 0.01093 0.01697 0.00667 -0.44001 0.00754 -1.04154 0.00923 -0.45698 0.00751 -1.05851 0.00921 -0.60152 0.00986
2459543.3994097 0.51916 0.00920 1.12396 0.00951 0.67455 0.01013 0.05933 0.01152 1.24744 0.00997 0.79803 0.01055 0.18280 0.01189 0.96147 0.00892 0.51206 0.00957 -0.10316 0.01103 0.01175 0.00670 -0.43766 0.00755 -1.05289 0.00933 -0.44941 0.00753 -1.06463 0.00931 -0.61522 0.00994
2459543.4001736 0.51315 0.00914 1.12130 0.00944 0.67108 0.01005 0.05482 0.01143 1.26124 0.00998 0.81102 0.01056 0.19477 0.01188 0.96068 0.00887 0.51046 0.00952 -0.10580 0.01097 0.01349 0.00665 -0.43673 0.00750 -1.05298 0.00926 -0.45022 0.00747 -1.06648 0.00924 -0.61626 0.00987
2459543.4009375 0.49863 0.00907 1.10452 0.00937 0.65513 0.01000 0.04893 0.01137 1.24719 0.00993 0.79779 0.01052 0.19160 0.01183 0.96588 0.00887 0.51648 0.00953 -0.08972 0.01096 0.01189 0.00665 -0.43750 0.00751 -1.04370 0.00926 -0.44940 0.00748 -1.05559 0.00923 -0.60620 0.00987
2459543.4016898 0.51060 0.00912 1.11357 0.00944 0.65769 0.01007 0.05578 0.01143 1.24242 0.00993 0.78655 0.01054 0.18464 0.01185 0.95450 0.00889 0.49862 0.00956 -0.10328 0.01099 0.01308 0.00668 -0.44280 0.00755 -1.04471 0.00929 -0.45588 0.00753 -1.05778 0.00928 -0.60191 0.00992
2459543.4024537 0.51319 0.00916 1.11940 0.00947 0.66514 0.01009 0.05251 0.01149 1.25326 0.00995 0.79900 0.01054 0.18637 0.01189 0.95193 0.00887 0.49767 0.00953 -0.11496 0.01100 0.01634 0.00669 -0.43791 0.00754 -1.05054 0.00933 -0.45426 0.00751 -1.06689 0.00930 -0.61263 0.00993
2459543.4032060 0.50698 0.00910 1.10893 0.00941 0.65770 0.01002 0.06171 0.01137 1.24512 0.00994 0.79389 0.01052 0.19790 0.01181 0.95447 0.00888 0.50325 0.00953 -0.09274 0.01094 0.01044 0.00666 -0.44078 0.00750 -1.03677 0.00923 -0.45122 0.00749 -1.04721 0.00921 -0.59599 0.00984
2459543.4039699 0.50588 0.00908 1.11245 0.00937 0.65650 0.01000 0.05696 0.01134 1.25607 0.00990 0.80012 0.01049 0.20058 0.01178 0.96167 0.00885 0.50572 0.00951 -0.09382 0.01092 0.01198 0.00662 -0.44396 0.00748 -1.04351 0.00920 -0.45595 0.00746 -1.05549 0.00918 -0.59954 0.00982
2459543.4047222 0.50182 0.00904 1.10090 0.00934 0.64956 0.00997 0.04309 0.01134 1.25352 0.00994 0.80218 0.01054 0.19571 0.01183 0.94981 0.00882 0.49847 0.00948 -0.10800 0.01091 0.00475 0.00664 -0.44659 0.00749 -1.05306 0.00923 -0.45134 0.00747 -1.05781 0.00921 -0.60647 0.00985
2459543.4054861 0.50010 0.00908 1.11052 0.00938 0.65226 0.01002 0.05642 0.01136 1.24850 0.00989 0.79023 0.01050 0.19439 0.01179 0.96710 0.00889 0.50883 0.00957 -0.08701 0.01097 0.01883 0.00664 -0.43943 0.00753 -1.03527 0.00924 -0.45827 0.00749 -1.05410 0.00921 -0.59584 0.00987
2459543.4062384 0.50322 0.00912 1.11008 0.00941 0.65679 0.01004 0.05067 0.01140 1.26028 0.01002 0.80699 0.01061 0.20087 0.01191 0.95691 0.00888 0.50361 0.00954 -0.10251 0.01097 0.01313 0.00664 -0.44016 0.00750 -1.04628 0.00925 -0.45329 0.00748 -1.05942 0.00923 -0.60612 0.00986
2459543.4070023 0.48634 0.00905 1.08781 0.00935 0.64593 0.00997 0.03745 0.01134 1.24023 0.00994 0.79835 0.01052 0.18987 0.01183 0.95433 0.00891 0.51245 0.00956 -0.09602 0.01098 0.01125 0.00668 -0.43062 0.00752 -1.03910 0.00926 -0.44188 0.00749 -1.05036 0.00924 -0.60848 0.00986
2459543.4077662 0.50662 0.00914 1.11264 0.00943 0.65018 0.01009 0.04783 0.01145 1.25623 0.00998 0.79377 0.01061 0.19142 0.01191 0.96088 0.00889 0.49842 0.00959 -0.10394 0.01101 0.01131 0.00665 -0.45115 0.00756 -1.05350 0.00929 -0.46246 0.00753 -1.06481 0.00927 -0.60235 0.00995
2459543.4085301 0.49087 0.00907 1.09219 0.00937 0.63814 0.01001 0.03404 0.01139 1.24824 0.00997 0.79419 0.01057 0.19009 0.01190 0.95554 0.00889 0.50149 0.00956 -0.10261 0.01100 0.00792 0.00666 -0.44613 0.00753 -1.05023 0.00929 -0.45405 0.00751 -1.05815 0.00928 -0.60410 0.00992
2459543.4092940 0.49903 0.00908 1.09910 0.00938 0.65562 0.00999 0.04019 0.01139 1.24706 0.00998 0.80358 0.01056 0.18815 0.01189 0.95133 0.00887 0.50785 0.00951 -0.10758 0.01097 0.00787 0.00665 -0.43560 0.00749 -1.05103 0.00928 -0.44348 0.00747 -1.05891 0.00926 -0.61543 0.00988
2459543.4100579 0.49450 0.00904 1.10066 0.00933 0.64224 0.00997 0.04805 0.01134 1.25229 0.00995 0.79387 0.01055 0.19968 0.01186 0.96272 0.00887 0.50430 0.00953 -0.08989 0.01096 0.01204 0.00663 -0.44638 0.00750 -1.04057 0.00925 -0.45842 0.00748 -1.05261 0.00923 -0.59419 0.00988
2459543.4108102 0.49208 0.00903 1.08616 0.00933 0.63679 0.00996 0.03394 0.01133 1.23585 0.00990 0.78648 0.01049 0.18363 0.01179 0.94484 0.00882 0.49547 0.00948 -0.10738 0.01091 0.00377 0.00662 -0.44559 0.00748 -1.04844 0.00922 -0.44937 0.00747 -1.05222 0.00921 -0.60285 0.00984
2459543.4115741 0.49102 0.00899 1.10208 0.00928 0.64854 0.00990 0.05079 0.01125 1.26414 0.00994 0.81060 0.01052 0.21286 0.01181 0.96309 0.00883 0.50954 0.00948 -0.08820 0.01089 0.01662 0.00660 -0.43692 0.00745 -1.03467 0.00917 -0.45354 0.00742 -1.05129 0.00915 -0.59774 0.00978
2459543.4123380 0.48338 0.00899 1.09052 0.00928 0.63548 0.00991 0.02014 0.01136 1.24865 0.00985 0.79361 0.01045 0.17826 0.01183 0.96978 0.00882 0.51474 0.00949 -0.10061 0.01098 0.01198 0.00659 -0.44306 0.00746 -1.05840 0.00929 -0.45504 0.00743 -1.07038 0.00926 -0.61534 0.00990
2459543.4131019 0.48747 0.00899 1.09745 0.00928 0.64755 0.00989 0.03826 0.01128 1.26017 0.00991 0.81026 0.01049 0.20097 0.01181 0.95939 0.00884 0.50949 0.00949 -0.09980 0.01093 0.01756 0.00661 -0.43234 0.00745 -1.04163 0.00921 -0.44991 0.00741 -1.05920 0.00918 -0.60929 0.00981
2459543.4138542 0.47902 0.00904 1.08862 0.00932 0.63091 0.00996 0.02856 0.01135 1.26725 0.01003 0.80954 0.01063 0.20719 0.01194 0.96149 0.00884 0.50378 0.00951 -0.09857 0.01096 0.01376 0.00661 -0.44395 0.00749 -1.04630 0.00925 -0.45771 0.00745 -1.06006 0.00923 -0.60235 0.00988
2459543.4146181 0.47821 0.00895 1.08143 0.00925 0.63277 0.00987 0.01699 0.01129 1.25021 0.00992 0.80154 0.01050 0.18577 0.01184 0.96185 0.00883 0.51319 0.00948 -0.10259 0.01094 0.00797 0.00660 -0.44070 0.00745 -1.05647 0.00924 -0.44866 0.00743 -1.06444 0.00923 -0.61578 0.00985
2459543.4153935 0.48355 0.00894 1.08609 0.00924 0.63093 0.00987 0.02442 0.01128 1.25722 0.00989 0.80205 0.01049 0.19555 0.01182 0.95454 0.00881 0.49937 0.00948 -0.10713 0.01093 0.00761 0.00658 -0.44756 0.00745 -1.05406 0.00923 -0.45517 0.00744 -1.06167 0.00922 -0.60650 0.00986
2459543.4168403 0.47693 0.00889 1.08253 0.00919 0.63347 0.00981 0.02517 0.01123 1.24591 0.00981 0.79685 0.01040 0.18856 0.01174 0.95932 0.00880 0.51026 0.00945 -0.09804 0.01091 0.01451 0.00658 -0.43455 0.00743 -1.04284 0.00921 -0.44906 0.00740 -1.05736 0.00919 -0.60830 0.00982
2459543.4176042 0.47568 0.00888 1.07982 0.00917 0.63205 0.00979 0.02704 0.01119 1.24888 0.00985 0.80110 0.01043 0.19609 0.01175 0.95660 0.00878 0.50883 0.00943 -0.09618 0.01088 0.01217 0.00656 -0.43561 0.00740 -1.04062 0.00917 -0.44777 0.00739 -1.05279 0.00916 -0.60501 0.00978
2459543.4183681 0.47645 0.00893 1.08270 0.00923 0.61549 0.00988 0.01836 0.01128 1.25399 0.00982 0.78678 0.01044 0.18965 0.01177 0.96873 0.00879 0.50152 0.00947 -0.09561 0.01092 0.00916 0.00656 -0.45805 0.00745 -1.05518 0.00922 -0.46721 0.00744 -1.06434 0.00921 -0.59713 0.00987
2459543.4191204 0.47779 0.00892 1.08034 0.00921 0.62103 0.00986 0.03562 0.01119 1.24982 0.00991 0.79052 0.01051 0.20510 0.01177 0.95986 0.00878 0.50056 0.00945 -0.08486 0.01083 0.00774 0.00657 -0.45157 0.00744 -1.03698 0.00913 -0.45930 0.00743 -1.04472 0.00912 -0.58542 0.00977
2459543.4198843 0.47079 0.00888 1.07441 0.00918 0.61829 0.00981 0.01984 0.01116 1.24641 0.00984 0.79029 0.01044 0.19184 0.01171 0.94722 0.00872 0.49110 0.00939 -0.10736 0.01079 0.01602 0.00656 -0.44010 0.00743 -1.03856 0.00913 -0.45612 0.00740 -1.05457 0.00911 -0.59845 0.00975
2459543.4206481 0.47393 0.00892 1.07598 0.00920 0.62235 0.00984 0.02293 0.01124 1.25042 0.00993 0.79678 0.01052 0.19737 0.01185 0.96050 0.00880 0.50686 0.00946 -0.09255 0.01092 0.00642 0.00656 -0.44722 0.00742 -1.04663 0.00920 -0.45364 0.00740 -1.05305 0.00919 -0.59942 0.00982
2459543.4214120 0.47273 0.00896 1.07725 0.00925 0.62726 0.00987 0.02101 0.01123 1.25768 0.00998 0.80769 0.01056 0.20145 0.01184 0.95385 0.00882 0.50386 0.00948 -0.10238 0.01088 0.01117 0.00659 -0.43882 0.00744 -1.04507 0.00916 -0.44999 0.00742 -1.05623 0.00915 -0.60624 0.00978
2459543.4221644 0.47729 0.00894 1.08205 0.00923 0.62529 0.00987 0.01887 0.01127 1.24196 0.00988 0.78520 0.01048 0.17878 0.01180 0.96008 0.00880 0.50332 0.00947 -0.10310 0.01091 0.01402 0.00658 -0.44274 0.00745 -1.04916 0.00922 -0.45676 0.00743 -1.06318 0.00920 -0.60642 0.00985
2459543.4229282 0.46927 0.00892 1.07255 0.00922 0.61842 0.00985 0.02087 0.01124 1.24904 0.00991 0.79490 0.01050 0.19736 0.01181 0.96658 0.00884 0.51244 0.00950 -0.08510 0.01093 0.00648 0.00659 -0.44765 0.00745 -1.04520 0.00920 -0.45414 0.00743 -1.05168 0.00919 -0.59754 0.00983
2459543.4236921 0.47806 0.00901 1.08492 0.00929 0.63219 0.00993 0.02204 0.01140 1.25178 0.00998 0.79905 0.01057 0.18890 0.01196 0.94902 0.00886 0.49629 0.00953 -0.11385 0.01105 0.01918 0.00662 -0.43355 0.00749 -1.04370 0.00935 -0.45273 0.00745 -1.06288 0.00932 -0.61015 0.00995
2459543.4244560 0.46540 0.00899 1.07312 0.00926 0.61374 0.00992 0.02154 0.01131 1.25603 0.01002 0.79665 0.01062 0.20445 0.01193 0.95822 0.00884 0.49884 0.00952 -0.09336 0.01097 0.01544 0.00661 -0.44395 0.00750 -1.03614 0.00926 -0.45938 0.00746 -1.05158 0.00923 -0.59219 0.00989
2459543.4252083 0.45603 0.00896 1.07257 0.00924 0.60695 0.00989 0.00692 0.01131 1.26407 0.01000 0.79845 0.01061 0.19842 0.01194 0.97469 0.00886 0.50907 0.00954 -0.09096 0.01100 0.02131 0.00659 -0.44432 0.00748 -1.04435 0.00927 -0.46563 0.00745 -1.06566 0.00924 -0.60003 0.00990
2459543.4259722 0.46031 0.00893 1.07702 0.00921 0.61414 0.00985 0.00814 0.01130 1.25979 0.00993 0.79691 0.01053 0.19090 0.01189 0.96579 0.00882 0.50291 0.00950 -0.10309 0.01099 0.02669 0.00660 -0.43619 0.00748 -1.04219 0.00930 -0.46288 0.00743 -1.06889 0.00926 -0.60601 0.00990
2459543.4267245 0.46100 0.00889 1.07948 0.00917 0.60877 0.00984 0.00883 0.01123 1.26029 0.00983 0.78957 0.01045 0.18963 0.01178 0.97110 0.00879 0.50039 0.00949 -0.09955 0.01093 0.02738 0.00655 -0.44333 0.00745 -1.04327 0.00922 -0.47071 0.00741 -1.07065 0.00918 -0.59994 0.00984
2459543.4274884 0.45313 0.00886 1.06190 0.00915 0.61187 0.00978 0.01083 0.01115 1.26017 0.00995 0.81014 0.01053 0.20910 0.01181 0.95639 0.00879 0.50636 0.00944 -0.09468 0.01086 0.01672 0.00658 -0.43331 0.00743 -1.03435 0.00916 -0.45003 0.00741 -1.05107 0.00914 -0.60104 0.00977
2459543.4282407 0.46884 0.00893 1.07337 0.00922 0.61940 0.00985 0.02148 0.01123 1.25579 0.00993 0.80183 0.01053 0.20391 0.01183 0.95302 0.00876 0.49906 0.00943 -0.09886 0.01086 0.01214 0.00657 -0.44183 0.00743 -1.03975 0.00918 -0.45396 0.00740 -1.05188 0.00916 -0.59792 0.00979
2459543.4290046 0.46100 0.00889 1.06650 0.00918 0.61231 0.00981 0.00376 0.01121 1.25771 0.00994 0.80353 0.01052 0.19498 0.01184 0.96044 0.00879 0.50626 0.00945 -0.10230 0.01089 0.01012 0.00657 -0.44406 0.00743 -1.05261 0.00919 -0.45418 0.00741 -1.06273 0.00918 -0.60855 0.00981
2459543.4297685 0.47427 0.00893 1.07882 0.00922 0.62148 0.00984 0.02743 0.01122 1.24353 0.00990 0.78619 0.01047 0.19214 0.01178 0.95379 0.00876 0.49644 0.00941 -0.09760 0.01085 0.01578 0.00657 -0.44156 0.00741 -1.03560 0.00917 -0.45735 0.00739 -1.05139 0.00915 -0.59404 0.00978
2459543.4305324 0.47100 0.00890 1.07590 0.00919 0.62035 0.00982 0.01671 0.01122 1.24953 0.00986 0.79397 0.01045 0.19034 0.01177 0.96362 0.00880 0.50807 0.00946 -0.09557 0.01090 0.01036 0.00654 -0.44519 0.00740 -1.04883 0.00917 -0.45555 0.00739 -1.05919 0.00916 -0.60364 0.00979
2459543.4312963 0.47693 0.00887 1.08475 0.00915 0.62245 0.00979 0.01834 0.01118 1.26184 0.00985 0.79954 0.01044 0.19543 0.01175 0.96742 0.00875 0.50512 0.00941 -0.09899 0.01085 0.00992 0.00651 -0.45237 0.00738 -1.05648 0.00915 -0.46229 0.00737 -1.06640 0.00913 -0.60411 0.00977
2459543.4320486 0.47017 0.00884 1.06516 0.00914 0.61662 0.00978 0.01475 0.01116 1.23255 0.00980 0.78401 0.01040 0.18214 0.01171 0.95545 0.00879 0.50691 0.00945 -0.09497 0.01087 0.00199 0.00655 -0.44655 0.00741 -1.04842 0.00916 -0.44854 0.00740 -1.05041 0.00915 -0.60187 0.00979
2459543.4328125 0.47625 0.00884 1.08691 0.00913 0.61944 0.00978 0.02114 0.01121 1.27249 0.00985 0.80502 0.01046 0.20672 0.01181 0.95380 0.00867 0.48632 0.00936 -0.11198 0.01084 0.01719 0.00651 -0.45029 0.00740 -1.04859 0.00921 -0.46747 0.00738 -1.06577 0.00918 -0.59830 0.00984
2459543.4335764 0.45050 0.00880 1.05589 0.00909 0.60137 0.00973 0.00734 0.01113 1.25477 0.00987 0.80025 0.01046 0.20622 0.01177 0.95555 0.00874 0.50103 0.00940 -0.09300 0.01084 0.01290 0.00655 -0.44162 0.00741 -1.03565 0.00916 -0.45452 0.00738 -1.04855 0.00914 -0.59403 0.00978
2459543.4343403 0.46570 0.00887 1.06907 0.00915 0.62102 0.00977 0.01700 0.01115 1.26782 0.00993 0.81977 0.01050 0.21575 0.01180 0.95283 0.00875 0.50479 0.00939 -0.09924 0.01082 0.00642 0.00653 -0.44162 0.00737 -1.04565 0.00912 -0.44804 0.00736 -1.05207 0.00911 -0.60402 0.00973
2459543.4350926 0.46725 0.00882 1.06618 0.00911 0.61559 0.00974 0.01567 0.01111 1.24754 0.00983 0.79695 0.01042 0.19702 0.01170 0.94503 0.00872 0.49444 0.00937 -0.10548 0.01079 0.00841 0.00654 -0.44218 0.00739 -1.04211 0.00912 -0.45059 0.00737 -1.05051 0.00910 -0.59993 0.00973
2459543.4358565 0.46929 0.00890 1.06938 0.00920 0.61332 0.00983 0.01455 0.01119 1.23902 0.00982 0.78297 0.01042 0.18419 0.01171 0.95859 0.00878 0.50253 0.00944 -0.09624 0.01085 0.00746 0.00655 -0.44859 0.00742 -1.04737 0.00914 -0.45605 0.00740 -1.05483 0.00912 -0.59878 0.00976
2459543.4366204 0.47833 0.00892 1.08166 0.00921 0.63167 0.00983 0.03482 0.01120 1.24983 0.00985 0.79984 0.01044 0.20299 0.01173 0.95402 0.00877 0.50403 0.00942 -0.09282 0.01084 0.01155 0.00655 -0.43844 0.00740 -1.03529 0.00914 -0.44999 0.00738 -1.04684 0.00912 -0.59685 0.00975
2459543.4380556 0.46260 0.00881 1.07018 0.00910 0.60287 0.00975 0.01287 0.01108 1.25568 0.00983 0.78837 0.01044 0.19837 0.01169 0.95476 0.00871 0.48745 0.00939 -0.10255 0.01075 0.01675 0.00652 -0.45056 0.00740 -1.04056 0.00907 -0.46731 0.00738 -1.05731 0.00905 -0.59000 0.00971
2459543.4388194 0.46581 0.00881 1.08059 0.00909 0.61871 0.00973 0.01237 0.01114 1.25780 0.00981 0.79593 0.01041 0.18958 0.01174 0.97366 0.00879 0.51178 0.00945 -0.09457 0.01090 0.02067 0.00652 -0.44120 0.00739 -1.04755 0.00916 -0.46187 0.00735 -1.06822 0.00913 -0.60635 0.00977
2459543.4395718 0.46170 0.00880 1.06580 0.00908 0.60658 0.00973 0.00579 0.01110 1.25182 0.00982 0.79260 0.01042 0.19181 0.01172 0.95373 0.00871 0.49451 0.00938 -0.10628 0.01080 0.01236 0.00650 -0.44686 0.00737 -1.04765 0.00911 -0.45922 0.00735 -1.06001 0.00909 -0.60079 0.00974
2459543.4403356 0.46324 0.00883 1.07759 0.00910 0.61426 0.00974 0.01364 0.01111 1.26570 0.00980 0.80237 0.01040 0.20176 0.01169 0.97114 0.00876 0.50781 0.00943 -0.09281 0.01084 0.01848 0.00649 -0.44486 0.00736 -1.04547 0.00910 -0.46333 0.00733 -1.06395 0.00907 -0.60061 0.00971
2459543.4410880 0.47390 0.00890 1.07859 0.00919 0.62248 0.00982 0.02325 0.01120 1.26029 0.00989 0.80418 0.01049 0.20495 0.01179 0.95641 0.00874 0.50029 0.00940 -0.09894 0.01083 0.00958 0.00653 -0.44654 0.00739 -1.04577 0.00914 -0.45612 0.00738 -1.05535 0.00913 -0.59923 0.00977
2459543.4418519 0.47859 0.00889 1.08639 0.00918 0.62315 0.00983 0.03184 0.01116 1.25561 0.00986 0.79237 0.01047 0.20107 0.01172 0.95556 0.00874 0.49232 0.00942 -0.09899 0.01079 0.01683 0.00655 -0.44641 0.00743 -1.03772 0.00912 -0.46324 0.00740 -1.05455 0.00909 -0.59130 0.00975
2459543.4426157 0.46751 0.00887 1.08117 0.00914 0.62014 0.00978 0.01919 0.01115 1.25863 0.00985 0.79760 0.01045 0.19665 0.01174 0.97457 0.00879 0.51354 0.00945 -0.08741 0.01086 0.01810 0.00651 -0.44292 0.00738 -1.04387 0.00912 -0.46103 0.00734 -1.06198 0.00909 -0.60095 0.00973
2459543.4433681 0.47108 0.00885 1.07281 0.00914 0.60888 0.00980 0.02197 0.01116 1.25080 0.00988 0.78687 0.01049 0.19996 0.01177 0.95907 0.00876 0.49514 0.00944 -0.09178 0.01084 0.00635 0.00652 -0.45758 0.00741 -1.04449 0.00913 -0.46393 0.00740 -1.05084 0.00913 -0.58691 0.00978
2459543.4441435 0.47926 0.00893 1.08553 0.00920 0.63328 0.00983 0.02446 0.01126 1.26463 0.00990 0.81238 0.01049 0.20356 0.01184 0.95483 0.00876 0.50257 0.00942 -0.10624 0.01091 0.01161 0.00653 -0.44065 0.00739 -1.04946 0.00921 -0.45225 0.00736 -1.06107 0.00919 -0.60882 0.00982
2459543.4448958 0.47993 0.00895 1.08293 0.00923 0.62894 0.00987 0.01584 0.01130 1.25427 0.00988 0.80028 0.01048 0.18718 0.01184 0.95531 0.00877 0.50132 0.00944 -0.11178 0.01093 0.00901 0.00654 -0.44498 0.00741 -1.05808 0.00924 -0.45399 0.00739 -1.06709 0.00922 -0.61310 0.00986
2459543.4456597 0.47288 0.00896 1.07698 0.00924 0.61708 0.00989 0.01154 0.01134 1.25184 0.00996 0.79194 0.01057 0.18640 0.01193 0.95043 0.00880 0.49052 0.00948 -0.11501 0.01098 0.01375 0.00658 -0.44616 0.00747 -1.05169 0.00930 -0.45990 0.00744 -1.06544 0.00928 -0.60554 0.00993
2459543.4464236 0.48136 0.00899 1.08048 0.00927 0.62523 0.00991 0.02179 0.01131 1.24689 0.00992 0.79164 0.01052 0.18820 0.01185 0.95370 0.00879 0.49845 0.00946 -0.10499 0.01092 0.00529 0.00656 -0.44996 0.00744 -1.05340 0.00922 -0.45525 0.00742 -1.05869 0.00921 -0.60344 0.00985
2459543.4471875 0.47061 0.00891 1.08038 0.00919 0.62124 0.00984 0.00760 0.01125 1.25859 0.00990 0.79944 0.01052 0.18580 0.01185 0.96850 0.00877 0.50935 0.00946 -0.10429 0.01091 0.01390 0.00654 -0.44524 0.00743 -1.05889 0.00922 -0.45914 0.00741 -1.07278 0.00920 -0.61364 0.00985
2459543.4479514 0.47345 0.00892 1.07811 0.00921 0.62470 0.00983 0.01676 0.01127 1.24638 0.00985 0.79297 0.01044 0.18503 0.01180 0.95585 0.00875 0.50244 0.00940 -0.10550 0.01090 0.01419 0.00654 -0.43922 0.00740 -1.04715 0.00922 -0.45341 0.00737 -1.06135 0.00920 -0.60794 0.00983
2459543.4487269 0.47136 0.00892 1.07890 0.00921 0.62739 0.00984 0.02174 0.01125 1.25178 0.00987 0.80026 0.01046 0.19461 0.01180 0.96441 0.00878 0.51289 0.00944 -0.09276 0.01091 0.01390 0.00656 -0.43762 0.00741 -1.04327 0.00921 -0.45152 0.00739 -1.05717 0.00919 -0.60565 0.00982
2459543.4494792 0.47720 0.00895 1.08318 0.00924 0.62224 0.00988 0.02854 0.01125 1.25508 0.00991 0.79414 0.01051 0.20044 0.01181 0.95465 0.00878 0.49372 0.00945 -0.09999 0.01088 0.01420 0.00658 -0.44673 0.00745 -1.04044 0.00919 -0.46094 0.00742 -1.05465 0.00917 -0.59371 0.00981
2459543.4502431 0.49418 0.00905 1.10026 0.00934 0.64856 0.00996 0.04791 0.01131 1.24762 0.00994 0.79591 0.01052 0.19526 0.01181 0.96835 0.00887 0.51665 0.00952 -0.08401 0.01093 0.01106 0.00657 -0.44064 0.00743 -1.04129 0.00916 -0.45170 0.00742 -1.05236 0.00916 -0.60065 0.00979
2459543.4510185 0.47147 0.00896 1.08272 0.00923 0.61713 0.00988 0.00445 0.01134 1.26111 0.00994 0.79551 0.01055 0.18283 0.01193 0.96574 0.00880 0.50014 0.00949 -0.11254 0.01100 0.01681 0.00654 -0.44879 0.00744 -1.06147 0.00929 -0.46560 0.00740 -1.07828 0.00926 -0.61268 0.00992
2459543.4517708 0.48839 0.00905 1.09341 0.00933 0.63668 0.00997 0.02930 0.01137 1.25139 0.00994 0.79467 0.01055 0.18729 0.01188 0.96868 0.00887 0.51196 0.00954 -0.09542 0.01100 0.00787 0.00658 -0.44886 0.00747 -1.05624 0.00925 -0.45673 0.00745 -1.06411 0.00924 -0.60738 0.00989
2459543.4525347 0.48380 0.00905 1.09069 0.00933 0.63475 0.00996 0.03162 0.01138 1.24822 0.00996 0.79228 0.01055 0.18915 0.01190 0.95818 0.00892 0.50224 0.00957 -0.10089 0.01104 0.01651 0.00663 -0.43943 0.00749 -1.04256 0.00929 -0.45594 0.00746 -1.05907 0.00927 -0.60313 0.00991
2459543.4532986 0.49193 0.00909 1.09845 0.00937 0.63957 0.01001 0.02340 0.01147 1.25062 0.00995 0.79174 0.01056 0.17557 0.01195 0.96463 0.00884 0.50575 0.00952 -0.11042 0.01104 0.01240 0.00659 -0.44648 0.00747 -1.06265 0.00934 -0.45888 0.00745 -1.07505 0.00932 -0.61617 0.00996
2459543.4540509 0.48535 0.00900 1.09715 0.00927 0.63333 0.00992 0.03280 0.01130 1.25762 0.00991 0.79380 0.01052 0.19328 0.01183 0.97188 0.00882 0.50806 0.00951 -0.09246 0.01094 0.01630 0.00655 -0.44752 0.00744 -1.04804 0.00920 -0.46382 0.00742 -1.06435 0.00918 -0.60052 0.00984
2459543.4548148 0.49003 0.00906 1.09758 0.00935 0.64003 0.00997 0.03781 0.01134 1.25421 0.00991 0.79667 0.01050 0.19444 0.01181 0.96081 0.00882 0.50327 0.00948 -0.09896 0.01091 0.01463 0.00657 -0.44292 0.00743 -1.04515 0.00919 -0.45755 0.00741 -1.05977 0.00917 -0.60223 0.00981
2459543.4555903 0.49876 0.00903 1.10171 0.00932 0.63664 0.00997 0.04391 0.01133 1.24592 0.00986 0.78084 0.01049 0.18811 0.01179 0.96061 0.00880 0.49554 0.00950 -0.09719 0.01092 0.00939 0.00656 -0.45569 0.00746 -1.04842 0.00920 -0.46507 0.00744 -1.05781 0.00918 -0.59274 0.00985
2459543.4563426 0.49900 0.00902 1.10773 0.00930 0.64935 0.00992 0.04906 0.01130 1.26154 0.00987 0.80317 0.01046 0.20288 0.01177 0.96287 0.00877 0.50450 0.00943 -0.09579 0.01086 0.01348 0.00653 -0.44489 0.00739 -1.04518 0.00915 -0.45837 0.00737 -1.05866 0.00914 -0.60029 0.00977
2459543.4570949 0.49674 0.00905 1.10799 0.00932 0.65136 0.00994 0.03700 0.01135 1.26442 0.00995 0.80778 0.01053 0.19343 0.01187 0.96567 0.00880 0.50904 0.00945 -0.10532 0.01093 0.01578 0.00654 -0.44086 0.00740 -1.05521 0.00921 -0.45663 0.00737 -1.07099 0.00919 -0.61435 0.00981
2459543.4578588 0.49740 0.00900 1.10081 0.00927 0.64589 0.00991 0.04071 0.01130 1.25139 0.00986 0.79647 0.01046 0.19129 0.01179 0.95481 0.00881 0.49989 0.00948 -0.10529 0.01092 0.01084 0.00654 -0.44408 0.00741 -1.04926 0.00919 -0.45492 0.00739 -1.06010 0.00917 -0.60518 0.00981
2459543.4593056 0.49243 0.00899 1.09601 0.00927 0.63712 0.00991 0.04157 0.01127 1.25308 0.00988 0.79419 0.01049 0.19865 0.01178 0.95965 0.00878 0.50076 0.00946 -0.09478 0.01088 0.00858 0.00654 -0.45031 0.00742 -1.04585 0.00916 -0.45889 0.00741 -1.05443 0.00915 -0.59554 0.00980
2459543.4600694 0.49529 0.00904 1.10238 0.00932 0.64510 0.00996 0.04349 0.01133 1.26064 0.00995 0.80336 0.01055 0.20175 0.01185 0.95230 0.00875 0.49502 0.00943 -0.10659 0.01087 0.01535 0.00656 -0.44193 0.00744 -1.04354 0.00919 -0.45728 0.00742 -1.05889 0.00917 -0.60161 0.00983
2459543.4608333 0.50437 0.00906 1.10649 0.00934 0.65325 0.00997 0.05262 0.01135 1.25616 0.00991 0.80292 0.01050 0.20229 0.01182 0.95575 0.00877 0.50251 0.00943 -0.09812 0.01088 0.00670 0.00655 -0.44654 0.00741 -1.04717 0.00919 -0.45324 0.00740 -1.05387 0.00918 -0.60063 0.00981
2459543.4615856 0.50371 0.00906 1.11062 0.00933 0.65504 0.00996 0.05835 0.01132 1.25264 0.00987 0.79706 0.01046 0.20037 0.01177 0.96585 0.00878 0.51027 0.00945 -0.08643 0.01088 0.01192 0.00653 -0.44366 0.00739 -1.04035 0.00915 -0.45558 0.00738 -1.05227 0.00914 -0.59669 0.00977
2459543.4623495 0.49412 0.00901 1.10219 0.00928 0.64252 0.00991 0.03881 0.01131 1.26125 0.00990 0.80158 0.01049 0.19787 0.01182 0.95633 0.00877 0.49666 0.00943 -0.10704 0.01089 0.01517 0.00654 -0.44450 0.00741 -1.04821 0.00919 -0.45967 0.00738 -1.06338 0.00917 -0.60371 0.00981
2459543.4631019 0.49495 0.00899 1.10167 0.00927 0.65229 0.00990 0.04389 0.01132 1.25915 0.00990 0.80977 0.01049 0.20137 0.01184 0.95685 0.00878 0.50746 0.00944 -0.10094 0.01092 0.01329 0.00653 -0.43610 0.00741 -1.04450 0.00922 -0.44938 0.00738 -1.05778 0.00920 -0.60840 0.00983
2459543.4638657 0.51157 0.00911 1.11974 0.00937 0.65913 0.01001 0.06165 0.01137 1.25784 0.00991 0.79723 0.01052 0.19975 0.01182 0.96541 0.00882 0.50481 0.00949 -0.09268 0.01092 0.01262 0.00655 -0.44798 0.00743 -1.04547 0.00918 -0.46060 0.00739 -1.05809 0.00915 -0.59749 0.00980
2459543.4646296 0.50797 0.00911 1.11314 0.00938 0.66498 0.01000 0.05394 0.01144 1.25355 0.00997 0.80539 0.01055 0.19434 0.01192 0.95679 0.00880 0.50862 0.00945 -0.10242 0.01096 0.01240 0.00656 -0.43577 0.00742 -1.04681 0.00927 -0.44816 0.00739 -1.05921 0.00925 -0.61104 0.00987
2459543.4653935 0.50827 0.00908 1.11719 0.00935 0.66151 0.00997 0.05269 0.01138 1.26227 0.00988 0.80659 0.01047 0.19777 0.01182 0.96356 0.00878 0.50788 0.00944 -0.10094 0.01092 0.01330 0.00652 -0.44238 0.00739 -1.05120 0.00920 -0.45568 0.00736 -1.06450 0.00918 -0.60882 0.00981
2459543.4661574 0.51538 0.00902 1.12559 0.00930 0.66748 0.00992 0.05779 0.01133 1.26496 0.00991 0.80685 0.01050 0.19716 0.01184 0.96237 0.00873 0.50426 0.00939 -0.10543 0.01087 0.01517 0.00651 -0.44294 0.00738 -1.05263 0.00919 -0.45811 0.00736 -1.06780 0.00917 -0.60969 0.00981
2459543.4669213 0.50570 0.00905 1.11251 0.00933 0.65166 0.00997 0.05140 0.01135 1.24406 0.00977 0.78320 0.01038 0.18295 0.01171 0.96717 0.00877 0.50632 0.00944 -0.09394 0.01089 0.01396 0.00651 -0.44690 0.00739 -1.04715 0.00917 -0.46086 0.00737 -1.06111 0.00915 -0.60026 0.00979
2459543.4676852 0.51502 0.00906 1.12353 0.00934 0.66297 0.00997 0.06104 0.01133 1.25713 0.00988 0.79657 0.01048 0.19464 0.01178 0.94787 0.00871 0.48731 0.00938 -0.11462 0.01082 0.02084 0.00653 -0.43972 0.00740 -1.04165 0.00916 -0.46056 0.00737 -1.06249 0.00913 -0.60193 0.00977
2459543.4684491 0.51543 0.00910 1.12791 0.00936 0.66938 0.01000 0.05364 0.01142 1.26619 0.00991 0.80766 0.01052 0.19192 0.01187 0.95579 0.00877 0.49725 0.00945 -0.11849 0.01094 0.02152 0.00653 -0.43702 0.00742 -1.05276 0.00924 -0.45854 0.00738 -1.07427 0.00921 -0.61574 0.00986
2459543.4692014 0.52081 0.00908 1.12907 0.00935 0.66608 0.00998 0.06605 0.01135 1.26165 0.00989 0.79866 0.01049 0.19863 0.01180 0.96005 0.00873 0.49707 0.00941 -0.10296 0.01085 0.01381 0.00651 -0.44917 0.00739 -1.04920 0.00916 -0.46299 0.00736 -1.06302 0.00913 -0.60003 0.00978
2459543.4699653 0.50785 0.00900 1.12127 0.00927 0.65877 0.00989 0.05837 0.01129 1.25767 0.00988 0.79517 0.01047 0.19477 0.01179 0.96788 0.00875 0.50538 0.00941 -0.09502 0.01087 0.02077 0.00651 -0.44173 0.00737 -1.04213 0.00916 -0.46251 0.00734 -1.06290 0.00914 -0.60040 0.00977
2459543.4707292 0.52485 0.00912 1.13650 0.00939 0.66725 0.01004 0.08574 0.01136 1.26135 0.00988 0.79210 0.01050 0.21059 0.01176 0.95685 0.00878 0.48760 0.00948 -0.09392 0.01086 0.02115 0.00656 -0.44810 0.00746 -1.02962 0.00915 -0.46925 0.00741 -1.05076 0.00912 -0.58151 0.00978
2459543.4714815 0.52315 0.00908 1.12493 0.00936 0.66893 0.00999 0.06605 0.01140 1.25545 0.00988 0.79945 0.01048 0.19657 0.01183 0.95905 0.00877 0.50305 0.00944 -0.09983 0.01092 0.00496 0.00653 -0.45105 0.00741 -1.05393 0.00922 -0.45601 0.00739 -1.05889 0.00921 -0.60288 0.00984
2459543.4722454 0.51644 0.00908 1.12265 0.00936 0.65802 0.01000 0.05106 0.01142 1.24749 0.00981 0.78286 0.01043 0.17590 0.01179 0.95705 0.00882 0.49243 0.00950 -0.11453 0.01098 0.01602 0.00654 -0.44861 0.00743 -1.05556 0.00925 -0.46463 0.00740 -1.07158 0.00923 -0.60696 0.00988
2459543.4730093 0.52946 0.00915 1.13908 0.00942 0.68794 0.01002 0.07762 0.01141 1.25809 0.00989 0.80695 0.01047 0.19664 0.01181 0.96837 0.00878 0.51723 0.00943 -0.09308 0.01090 0.01383 0.00652 -0.43731 0.00737 -1.04763 0.00917 -0.45114 0.00735 -1.06145 0.00916 -0.61031 0.00978
2459543.4737731 0.52189 0.00914 1.13570 0.00941 0.67746 0.01004 0.07636 0.01141 1.25949 0.00987 0.80125 0.01047 0.20015 0.01179 0.96624 0.00877 0.50800 0.00944 -0.09310 0.01089 0.02154 0.00655 -0.43670 0.00742 -1.03780 0.00920 -0.45824 0.00739 -1.05934 0.00916 -0.60110 0.00981
2459543.4745255 0.53766 0.00911 1.13760 0.00940 0.68485 0.01002 0.08280 0.01141 1.24770 0.00986 0.79494 0.01045 0.19289 0.01179 0.95160 0.00873 0.49885 0.00939 -0.10320 0.01086 0.00735 0.00652 -0.44541 0.00739 -1.04745 0.00918 -0.45276 0.00738 -1.05480 0.00918 -0.60205 0.00981
2459543.4752778 0.53011 0.00917 1.13746 0.00944 0.68195 0.01006 0.08260 0.01142 1.24942 0.00984 0.79392 0.01043 0.19456 0.01175 0.96669 0.00880 0.51119 0.00947 -0.08816 0.01090 0.01335 0.00655 -0.44215 0.00742 -1.04150 0.00918 -0.45550 0.00739 -1.05486 0.00916 -0.59935 0.00980
2459543.4760417 0.53135 0.00916 1.13177 0.00944 0.68022 0.01005 0.06851 0.01144 1.24637 0.00990 0.79482 0.01048 0.18311 0.01182 0.95171 0.00879 0.50017 0.00944 -0.11154 0.01090 0.00855 0.00655 -0.44300 0.00741 -1.05471 0.00920 -0.45155 0.00739 -1.06326 0.00919 -0.61171 0.00982
2459543.4768056 0.53553 0.00920 1.14221 0.00947 0.68661 0.01010 0.08782 0.01146 1.25167 0.00993 0.79607 0.01054 0.19728 0.01184 0.96152 0.00882 0.50592 0.00949 -0.09287 0.01092 0.01363 0.00655 -0.44197 0.00743 -1.04076 0.00919 -0.45560 0.00741 -1.05439 0.00917 -0.59879 0.00982
2459543.4775694 0.53286 0.00919 1.14363 0.00945 0.68300 0.01007 0.09098 0.01143 1.25182 0.00986 0.79119 0.01045 0.19917 0.01176 0.97042 0.00881 0.50979 0.00948 -0.08223 0.01091 0.01699 0.00653 -0.44365 0.00740 -1.03566 0.00916 -0.46064 0.00737 -1.05265 0.00914 -0.59202 0.00978
2459543.4783218 0.53091 0.00914 1.13893 0.00940 0.68184 0.01002 0.07760 0.01137 1.25797 0.00994 0.80087 0.01053 0.19663 0.01182 0.96558 0.00881 0.50849 0.00948 -0.09575 0.01089 0.01226 0.00652 -0.44483 0.00740 -1.04907 0.00914 -0.45709 0.00737 -1.06134 0.00912 -0.60424 0.00977
2459543.4790856 0.54181 0.00923 1.15165 0.00950 0.69665 0.01010 0.08378 0.01151 1.27096 0.00990 0.81596 0.01048 0.20309 0.01184 0.96364 0.00877 0.50864 0.00943 -0.10423 0.01092 0.01212 0.00653 -0.44288 0.00738 -1.05575 0.00921 -0.45500 0.00736 -1.06787 0.00920 -0.61287 0.00982
2459543.4805324 0.55528 0.00926 1.16679 0.00953 0.70265 0.01016 0.10248 0.01149 1.25558 0.00985 0.79144 0.01046 0.19127 0.01176 0.96590 0.00879 0.50176 0.00947 -0.09841 0.01089 0.01893 0.00654 -0.44521 0.00743 -1.04538 0.00917 -0.46414 0.00740 -1.06431 0.00915 -0.60017 0.00980
2459543.4812963 0.54782 0.00925 1.14811 0.00953 0.70277 0.01012 0.09878 0.01146 1.24977 0.00992 0.80442 0.01050 0.20043 0.01179 0.95097 0.00882 0.50563 0.00946 -0.09836 0.01088 0.00756 0.00656 -0.43779 0.00740 -1.04178 0.00915 -0.44535 0.00738 -1.04933 0.00913 -0.60398 0.00975
2459543.4820602 0.55088 0.00922 1.15869 0.00948 0.70552 0.01009 0.09621 0.01145 1.25460 0.00989 0.80143 0.01047 0.19212 0.01179 0.96652 0.00878 0.51336 0.00943 -0.09595 0.01088 0.01257 0.00653 -0.44059 0.00738 -1.04991 0.00916 -0.45316 0.00735 -1.06248 0.00914 -0.60931 0.00976
2459543.4828241 0.54554 0.00925 1.15399 0.00952 0.69527 0.01013 0.09605 0.01147 1.26306 0.00990 0.80434 0.01049 0.20511 0.01179 0.95956 0.00879 0.50084 0.00945 -0.09838 0.01087 0.01390 0.00655 -0.44482 0.00741 -1.04405 0.00916 -0.45872 0.00738 -1.05794 0.00913 -0.59922 0.00977
2459543.4835880 0.55283 0.00925 1.15125 0.00954 0.70215 0.01015 0.09811 0.01152 1.24908 0.00987 0.79998 0.01046 0.19594 0.01180 0.95632 0.00883 0.50722 0.00948 -0.09682 0.01094 0.00229 0.00657 -0.44681 0.00743 -1.05084 0.00921 -0.44910 0.00742 -1.05314 0.00921 -0.60404 0.00983
2459543.4843403 0.55394 0.00927 1.15820 0.00955 0.71329 0.01014 0.10969 0.01149 1.24879 0.00985 0.80388 0.01042 0.20028 0.01174 0.95499 0.00878 0.51007 0.00942 -0.09352 0.01086 0.01309 0.00656 -0.43183 0.00740 -1.03542 0.00916 -0.44491 0.00737 -1.04851 0.00914 -0.60360 0.00976
2459543.4851042 0.54789 0.00917 1.15458 0.00944 0.69704 0.01006 0.08792 0.01146 1.24402 0.00979 0.78648 0.01039 0.17735 0.01175 0.96567 0.00876 0.50814 0.00942 -0.10099 0.01090 0.01438 0.00652 -0.44315 0.00739 -1.05228 0.00920 -0.45754 0.00736 -1.06667 0.00918 -0.60913 0.00982
2459543.4858681 0.55931 0.00925 1.16303 0.00952 0.71066 0.01014 0.09554 0.01152 1.25773 0.00991 0.80536 0.01050 0.19024 0.01184 0.95277 0.00876 0.50040 0.00942 -0.11472 0.01090 0.01022 0.00654 -0.44215 0.00741 -1.05727 0.00921 -0.45237 0.00739 -1.06749 0.00919 -0.61512 0.00983
2459543.4866319 0.55496 0.00927 1.16097 0.00953 0.70309 0.01014 0.10166 0.01154 1.24750 0.00985 0.78961 0.01044 0.18818 0.01180 0.96715 0.00881 0.50926 0.00947 -0.09217 0.01094 0.01147 0.00652 -0.44642 0.00738 -1.04785 0.00920 -0.45789 0.00736 -1.05932 0.00918 -0.60143 0.00982
2459543.4873843 0.54732 0.00921 1.14809 0.00950 0.69801 0.01010 0.09468 0.01148 1.24417 0.00986 0.79409 0.01044 0.19076 0.01178 0.96019 0.00880 0.51010 0.00945 -0.09322 0.01091 0.00633 0.00654 -0.44376 0.00739 -1.04708 0.00918 -0.45008 0.00739 -1.05341 0.00918 -0.60333 0.00980
2459543.4881481 0.55031 0.00927 1.14851 0.00954 0.70365 0.01015 0.10381 0.01148 1.24300 0.00990 0.79814 0.01049 0.19831 0.01179 0.95488 0.00882 0.51002 0.00948 -0.08982 0.01089 0.00445 0.00656 -0.44042 0.00742 -1.04025 0.00916 -0.44486 0.00740 -1.04469 0.00914 -0.59983 0.00978
2459543.4889120 0.56300 0.00924 1.16723 0.00952 0.70984 0.01013 0.10201 0.01153 1.25627 0.00989 0.79888 0.01048 0.19105 0.01184 0.95549 0.00874 0.49810 0.00940 -0.10973 0.01089 0.01044 0.00652 -0.44695 0.00738 -1.05478 0.00921 -0.45739 0.00738 -1.06521 0.00920 -0.60783 0.00983
2459543.4896644 0.57131 0.00925 1.18392 0.00951 0.72140 0.01013 0.11390 0.01151 1.24950 0.00978 0.78698 0.01039 0.17948 0.01174 0.96607 0.00875 0.50354 0.00942 -0.10396 0.01089 0.02274 0.00651 -0.43978 0.00738 -1.04728 0.00919 -0.46252 0.00733 -1.07003 0.00914 -0.60750 0.00978
2459543.4904282 0.54418 0.00919 1.15356 0.00946 0.69751 0.01008 0.08718 0.01142 1.26430 0.00989 0.80826 0.01048 0.19792 0.01178 0.96613 0.00874 0.51008 0.00941 -0.10025 0.01084 0.01238 0.00652 -0.44366 0.00739 -1.05400 0.00914 -0.45605 0.00736 -1.06638 0.00911 -0.61034 0.00975
2459543.4918981 0.55686 0.00931 1.16677 0.00958 0.70795 0.01020 0.09433 0.01161 1.26194 0.00996 0.80312 0.01056 0.18950 0.01193 0.95317 0.00880 0.49435 0.00948 -0.11927 0.01098 0.01948 0.00657 -0.43934 0.00745 -1.05296 0.00929 -0.45882 0.00741 -1.07244 0.00926 -0.61362 0.00990
2459543.4926505 0.56691 0.00929 1.18014 0.00956 0.71515 0.01018 0.10800 0.01154 1.25754 0.00983 0.79254 0.01043 0.18540 0.01176 0.95810 0.00875 0.49310 0.00942 -0.11404 0.01087 0.02460 0.00653 -0.44040 0.00741 -1.04754 0.00919 -0.46500 0.00737 -1.07214 0.00915 -0.60714 0.00980
2459543.4934144 0.57381 0.00931 1.17395 0.00958 0.71782 0.01021 0.10786 0.01160 1.24600 0.00990 0.78987 0.01050 0.17990 0.01186 0.95279 0.00880 0.49665 0.00947 -0.11331 0.01096 0.00775 0.00654 -0.44839 0.00742 -1.05835 0.00925 -0.45614 0.00741 -1.06610 0.00923 -0.60996 0.00988
2459543.4941667 0.56990 0.00940 1.17134 0.00966 0.71415 0.01028 0.11204 0.01165 1.24498 0.00992 0.78778 0.01053 0.18568 0.01186 0.95604 0.00890 0.49884 0.00957 -0.10326 0.01102 0.00896 0.00658 -0.44823 0.00746 -1.05034 0.00925 -0.45720 0.00743 -1.05931 0.00923 -0.60211 0.00987
2459543.4949306 0.56694 0.00934 1.16829 0.00960 0.72231 0.01022 0.10875 0.01158 1.24737 0.00994 0.80138 0.01054 0.18782 0.01186 0.95782 0.00885 0.51184 0.00951 -0.10172 0.01096 0.00730 0.00658 -0.43869 0.00745 -1.05225 0.00923 -0.44599 0.00742 -1.05955 0.00920 -0.61356 0.00985
2459543.4956944 0.57653 0.00937 1.18026 0.00964 0.71939 0.01026 0.10526 0.01165 1.25898 0.00998 0.79811 0.01059 0.18397 0.01194 0.95886 0.00882 0.49799 0.00950 -0.11614 0.01098 0.00731 0.00656 -0.45356 0.00744 -1.06769 0.00926 -0.46087 0.00744 -1.07500 0.00926 -0.61414 0.00991
2459543.4964468 0.58384 0.00937 1.18292 0.00964 0.72998 0.01025 0.13059 0.01160 1.24337 0.00993 0.79043 0.01052 0.19105 0.01184 0.94719 0.00879 0.49425 0.00945 -0.10513 0.01090 0.00908 0.00657 -0.44386 0.00743 -1.04324 0.00921 -0.45294 0.00741 -1.05232 0.00919 -0.59938 0.00983
2459543.4972106 0.57491 0.00941 1.17785 0.00967 0.72888 0.01027 0.11180 0.01168 1.24980 0.00997 0.80083 0.01055 0.18376 0.01193 0.95299 0.00886 0.50403 0.00951 -0.11305 0.01102 0.01129 0.00659 -0.43768 0.00744 -1.05475 0.00929 -0.44897 0.00740 -1.06604 0.00926 -0.61708 0.00988
2459543.4979630 0.57100 0.00938 1.17401 0.00965 0.71520 0.01028 0.10555 0.01167 1.25819 0.00991 0.79938 0.01053 0.18973 0.01188 0.95238 0.00876 0.49358 0.00946 -0.11608 0.01095 0.00900 0.00654 -0.44980 0.00745 -1.05946 0.00927 -0.45881 0.00742 -1.06846 0.00925 -0.60965 0.00991
2459543.4987269 0.57083 0.00931 1.17152 0.00959 0.71215 0.01019 0.11624 0.01154 1.25173 0.00995 0.79236 0.01053 0.19645 0.01185 0.95067 0.00880 0.49131 0.00946 -0.10461 0.01090 0.00774 0.00655 -0.45162 0.00741 -1.04754 0.00918 -0.45936 0.00740 -1.05528 0.00918 -0.59592 0.00981
2459543.4994792 0.58264 0.00939 1.17785 0.00967 0.71905 0.01029 0.10972 0.01164 1.23655 0.00988 0.77775 0.01049 0.16842 0.01181 0.94768 0.00877 0.48888 0.00945 -0.12045 0.01090 0.00433 0.00656 -0.45447 0.00745 -1.06380 0.00922 -0.45880 0.00744 -1.06813 0.00922 -0.60933 0.00987
2459543.5002431 0.58056 0.00946 1.19466 0.00972 0.73676 0.01032 0.13226 0.01170 1.25756 0.00992 0.79966 0.01052 0.19516 0.01187 0.96273 0.00882 0.50483 0.00948 -0.09967 0.01096 0.02415 0.00657 -0.43376 0.00744 -1.03826 0.00925 -0.45790 0.00739 -1.06240 0.00922 -0.60450 0.00986
2459543.5016898 0.58254 0.00944 1.18888 0.00970 0.73122 0.01033 0.11751 0.01170 1.25185 0.00991 0.79419 0.01053 0.18047 0.01188 0.95580 0.00881 0.49814 0.00949 -0.11558 0.01098 0.01538 0.00657 -0.44227 0.00746 -1.05599 0.00928 -0.45766 0.00742 -1.07137 0.00924 -0.61372 0.00990
2459543.5024537 0.57600 0.00940 1.18804 0.00966 0.73093 0.01028 0.12365 0.01165 1.26186 0.01004 0.80474 0.01064 0.19747 0.01196 0.96416 0.00883 0.50705 0.00951 -0.10022 0.01097 0.01859 0.00659 -0.43852 0.00748 -1.04580 0.00926 -0.45711 0.00744 -1.06438 0.00923 -0.60727 0.00989
2459543.5032060 0.57517 0.00944 1.18745 0.00970 0.72857 0.01031 0.12983 0.01167 1.26463 0.01000 0.80575 0.01060 0.20701 0.01192 0.96606 0.00886 0.50717 0.00953 -0.09157 0.01098 0.01734 0.00658 -0.44154 0.00746 -1.04028 0.00925 -0.45889 0.00742 -1.05762 0.00921 -0.59873 0.00986
2459543.5039699 0.58789 0.00945 1.18970 0.00972 0.74322 0.01031 0.13519 0.01166 1.24946 0.00990 0.80298 0.01048 0.19495 0.01181 0.95342 0.00885 0.50695 0.00949 -0.10108 0.01095 0.00926 0.00656 -0.43722 0.00741 -1.04524 0.00920 -0.44648 0.00740 -1.05450 0.00919 -0.60803 0.00981
2459543.5047338 0.57933 0.00937 1.18126 0.00966 0.72936 0.01025 0.12614 0.01165 1.24832 0.00985 0.79642 0.01043 0.19320 0.01181 0.94850 0.00877 0.49660 0.00942 -0.10662 0.01093 0.01191 0.00656 -0.43999 0.00741 -1.04321 0.00925 -0.45190 0.00739 -1.05512 0.00924 -0.60322 0.00986
2459543.5054977 0.58827 0.00942 1.19769 0.00968 0.73333 0.01029 0.13160 0.01167 1.24856 0.00996 0.78420 0.01056 0.18247 0.01191 0.96446 0.00882 0.50010 0.00949 -0.10163 0.01097 0.01817 0.00655 -0.44619 0.00743 -1.04792 0.00925 -0.46436 0.00740 -1.06609 0.00922 -0.60173 0.00987
2459543.5062500 0.58066 0.00936 1.18565 0.00962 0.73360 0.01022 0.13023 0.01157 1.25453 0.00995 0.80248 0.01054 0.19911 0.01185 0.96266 0.00882 0.51061 0.00947 -0.09276 0.01091 0.00933 0.00654 -0.44273 0.00740 -1.04609 0.00917 -0.45205 0.00739 -1.05542 0.00916 -0.60337 0.00980
2459543.5070139 0.58404 0.00935 1.19648 0.00960 0.73958 0.01022 0.13199 0.01157 1.26671 0.00999 0.80981 0.01058 0.20222 0.01190 0.95262 0.00874 0.49572 0.00941 -0.11187 0.01087 0.02261 0.00655 -0.43430 0.00743 -1.04189 0.00920 -0.45691 0.00738 -1.06449 0.00916 -0.60759 0.00981
2459543.5077778 0.57346 0.00941 1.18031 0.00968 0.72370 0.01030 0.12707 0.01169 1.25529 0.01002 0.79869 0.01062 0.20205 0.01197 0.95554 0.00882 0.49893 0.00950 -0.09770 0.01099 0.01528 0.00659 -0.44132 0.00748 -1.03796 0.00929 -0.45660 0.00744 -1.05324 0.00927 -0.59664 0.00992
2459543.5085417 0.57835 0.00947 1.18490 0.00974 0.72839 0.01035 0.12472 0.01173 1.25039 0.00995 0.79388 0.01055 0.19021 0.01190 0.95638 0.00886 0.49987 0.00953 -0.10380 0.01100 0.01598 0.00659 -0.44054 0.00747 -1.04421 0.00928 -0.45652 0.00745 -1.06018 0.00926 -0.60367 0.00990
2459543.5093056 0.57369 0.00946 1.18102 0.00972 0.72576 0.01032 0.12431 0.01170 1.25291 0.01001 0.79764 0.01060 0.19620 0.01194 0.95278 0.00889 0.49752 0.00954 -0.10392 0.01102 0.01804 0.00661 -0.43722 0.00746 -1.03867 0.00928 -0.45526 0.00743 -1.05671 0.00925 -0.60144 0.00988
2459543.5100694 0.57993 0.00939 1.19635 0.00965 0.73565 0.01027 0.13316 0.01164 1.26257 0.00997 0.80186 0.01057 0.19937 0.01191 0.96449 0.00882 0.50378 0.00950 -0.09871 0.01097 0.02586 0.00656 -0.43484 0.00744 -1.03734 0.00925 -0.46070 0.00740 -1.06320 0.00921 -0.60249 0.00986
2459543.5108218 0.57685 0.00946 1.19102 0.00972 0.72727 0.01035 0.12508 0.01172 1.25573 0.00997 0.79198 0.01058 0.18979 0.01192 0.96422 0.00890 0.50047 0.00957 -0.10172 0.01104 0.02423 0.00661 -0.43952 0.00749 -1.04171 0.00930 -0.46375 0.00745 -1.06594 0.00926 -0.60219 0.00992
2459543.5115741 0.57629 0.00952 1.17793 0.00979 0.72726 0.01041 0.12610 0.01178 1.25122 0.01002 0.80055 0.01063 0.19939 0.01197 0.95394 0.00890 0.50327 0.00957 -0.09788 0.01105 0.00819 0.00663 -0.44249 0.00751 -1.04364 0.00932 -0.45068 0.00750 -1.05183 0.00930 -0.60115 0.00995
2459543.5123380 0.58164 0.00952 1.20086 0.00977 0.74027 0.01038 0.13243 0.01175 1.25921 0.01000 0.79862 0.01061 0.19078 0.01195 0.97372 0.00893 0.51314 0.00960 -0.09471 0.01107 0.02793 0.00660 -0.43266 0.00749 -1.04050 0.00929 -0.46059 0.00743 -1.06843 0.00925 -0.60784 0.00990
2459543.5130903 0.57048 0.00948 1.18249 0.00974 0.72532 0.01037 0.12059 0.01178 1.25110 0.00997 0.79394 0.01059 0.18920 0.01197 0.96322 0.00887 0.50605 0.00955 -0.09869 0.01106 0.02238 0.00661 -0.43478 0.00750 -1.03952 0.00935 -0.45717 0.00746 -1.06190 0.00931 -0.60474 0.00997
2459543.5138542 0.58104 0.00948 1.19204 0.00974 0.72985 0.01037 0.12946 0.01170 1.24817 0.00994 0.78599 0.01055 0.18559 0.01187 0.95888 0.00881 0.49669 0.00949 -0.10370 0.01094 0.02340 0.00657 -0.43879 0.00747 -1.03919 0.00924 -0.46219 0.00744 -1.06258 0.00921 -0.60040 0.00987
2459543.5146181 0.56800 0.00937 1.18118 0.00963 0.72679 0.01024 0.12860 0.01157 1.25278 0.00989 0.79839 0.01049 0.20020 0.01179 0.96571 0.00883 0.51132 0.00949 -0.08687 0.01092 0.02283 0.00656 -0.43155 0.00743 -1.02974 0.00918 -0.45438 0.00739 -1.05257 0.00915 -0.59819 0.00979
2459543.5153819 0.56791 0.00933 1.17220 0.00960 0.71619 0.01022 0.11766 0.01157 1.25190 0.00992 0.79589 0.01052 0.19736 0.01183 0.94820 0.00874 0.49220 0.00942 -0.10633 0.01086 0.01500 0.00654 -0.44101 0.00743 -1.03954 0.00919 -0.45601 0.00740 -1.05454 0.00917 -0.59853 0.00982
2459543.5161343 0.57653 0.00933 1.18571 0.00960 0.72037 0.01021 0.12049 0.01161 1.24213 0.00985 0.77680 0.01045 0.17692 0.01182 0.96078 0.00876 0.49544 0.00942 -0.10444 0.01092 0.02137 0.00653 -0.44397 0.00740 -1.04385 0.00923 -0.46534 0.00737 -1.06522 0.00921 -0.59988 0.00985
2459543.5168981 0.57980 0.00937 1.18455 0.00964 0.73208 0.01023 0.13444 0.01155 1.24960 0.00983 0.79713 0.01041 0.19949 0.01171 0.95657 0.00874 0.50410 0.00939 -0.09354 0.01081 0.01301 0.00652 -0.43947 0.00736 -1.03711 0.00911 -0.45248 0.00734 -1.05012 0.00909 -0.59764 0.00971
2459543.5176620 0.57278 0.00933 1.18240 0.00960 0.71852 0.01023 0.12798 0.01153 1.24908 0.00984 0.78521 0.01045 0.19467 0.01173 0.95874 0.00875 0.49486 0.00944 -0.09568 0.01084 0.02074 0.00653 -0.44313 0.00742 -1.03367 0.00914 -0.46388 0.00739 -1.05442 0.00911 -0.59054 0.00977
2459543.5184144 0.57049 0.00933 1.17769 0.00959 0.72536 0.01021 0.11166 0.01163 1.24976 0.00989 0.79742 0.01049 0.18372 0.01187 0.95771 0.00875 0.50538 0.00942 -0.10833 0.01094 0.01676 0.00654 -0.43557 0.00741 -1.04927 0.00927 -0.45234 0.00737 -1.06604 0.00923 -0.61370 0.00987
2459543.5191782 0.56888 0.00935 1.18125 0.00961 0.72112 0.01023 0.10788 0.01165 1.24248 0.00990 0.78235 0.01050 0.16911 0.01189 0.97099 0.00886 0.51086 0.00953 -0.10238 0.01104 0.02254 0.00657 -0.43758 0.00745 -1.05082 0.00930 -0.46013 0.00741 -1.07337 0.00927 -0.61324 0.00991
2459543.5199421 0.57371 0.00940 1.18565 0.00966 0.72259 0.01026 0.13053 0.01164 1.25579 0.00995 0.79273 0.01054 0.20067 0.01188 0.95811 0.00881 0.49504 0.00947 -0.09702 0.01094 0.02291 0.00658 -0.44015 0.00744 -1.03222 0.00924 -0.46306 0.00740 -1.05512 0.00921 -0.59206 0.00984
2459543.5207060 0.56847 0.00935 1.17534 0.00962 0.71502 0.01024 0.12013 0.01161 1.25119 0.00993 0.79087 0.01053 0.19598 0.01187 0.96829 0.00885 0.50798 0.00952 -0.08692 0.01098 0.01130 0.00656 -0.44901 0.00744 -1.04391 0.00923 -0.46032 0.00741 -1.05521 0.00922 -0.59490 0.00986
2459543.5214583 0.57989 0.00940 1.18033 0.00968 0.73151 0.01028 0.12048 0.01164 1.24110 0.00986 0.79228 0.01045 0.18125 0.01179 0.94871 0.00879 0.49990 0.00944 -0.11113 0.01091 0.01153 0.00657 -0.43728 0.00742 -1.04831 0.00921 -0.44882 0.00740 -1.05984 0.00919 -0.61103 0.00982
2459543.5229051 0.57437 0.00942 1.17488 0.00969 0.72463 0.01030 0.12917 0.01167 1.24743 0.00996 0.79717 0.01056 0.20172 0.01189 0.95504 0.00882 0.50479 0.00949 -0.09067 0.01095 0.00698 0.00657 -0.44327 0.00744 -1.03873 0.00923 -0.45025 0.00743 -1.04571 0.00923 -0.59546 0.00986
2459543.5236690 0.56966 0.00944 1.18770 0.00969 0.72769 0.01030 0.12064 0.01167 1.25659 0.01002 0.79658 0.01061 0.18953 0.01194 0.97181 0.00882 0.51179 0.00948 -0.09526 0.01095 0.02751 0.00659 -0.43250 0.00745 -1.03955 0.00925 -0.46001 0.00739 -1.06706 0.00920 -0.60705 0.00984
2459543.5244213 0.56760 0.00938 1.17227 0.00965 0.71800 0.01027 0.10980 0.01166 1.24915 0.00988 0.79488 0.01048 0.18668 0.01185 0.95342 0.00877 0.49915 0.00944 -0.10905 0.01095 0.01435 0.00655 -0.43993 0.00742 -1.04812 0.00926 -0.45428 0.00740 -1.06247 0.00924 -0.60819 0.00988
2459543.5251852 0.56442 0.00931 1.16842 0.00959 0.71544 0.01020 0.11030 0.01156 1.23549 0.00986 0.78251 0.01046 0.17737 0.01180 0.95075 0.00877 0.49777 0.00944 -0.10737 0.01090 0.01873 0.00656 -0.43426 0.00743 -1.03940 0.00921 -0.45298 0.00739 -1.05812 0.00918 -0.60514 0.00982
2459543.5259491 0.57206 0.00936 1.17824 0.00963 0.72011 0.01026 0.12012 0.01165 1.24816 0.00988 0.79003 0.01049 0.19004 0.01186 0.95363 0.00879 0.49550 0.00946 -0.10449 0.01096 0.01720 0.00655 -0.44093 0.00744 -1.04092 0.00926 -0.45813 0.00742 -1.05812 0.00925 -0.59999 0.00989
2459543.5267130 0.56146 0.00935 1.17018 0.00962 0.71258 0.01025 0.11060 0.01163 1.24723 0.00993 0.78963 0.01054 0.18765 0.01189 0.96365 0.00886 0.50605 0.00954 -0.09593 0.01101 0.01772 0.00657 -0.43988 0.00746 -1.04186 0.00928 -0.45760 0.00743 -1.05958 0.00925 -0.60198 0.00990
2459543.5274653 0.56296 0.00935 1.17083 0.00962 0.70843 0.01025 0.11556 0.01161 1.24765 0.00994 0.78525 0.01055 0.19238 0.01188 0.96072 0.00891 0.49832 0.00959 -0.09455 0.01103 0.01732 0.00659 -0.44507 0.00748 -1.03794 0.00925 -0.46240 0.00745 -1.05527 0.00923 -0.59287 0.00989
2459543.5282292 0.55928 0.00935 1.17564 0.00962 0.71035 0.01025 0.11597 0.01160 1.25194 0.00984 0.78664 0.01045 0.19226 0.01178 0.96809 0.00884 0.50279 0.00952 -0.09159 0.01096 0.02765 0.00657 -0.43765 0.00746 -1.03203 0.00922 -0.46529 0.00742 -1.05968 0.00919 -0.59438 0.00985
2459543.5289931 0.57099 0.00944 1.17091 0.00970 0.72066 0.01031 0.12117 0.01170 1.24825 0.01008 0.79801 0.01067 0.19851 0.01202 0.94631 0.00888 0.49606 0.00954 -0.10343 0.01102 0.00935 0.00661 -0.44090 0.00748 -1.04039 0.00930 -0.45025 0.00745 -1.04974 0.00928 -0.59949 0.00991
2459543.5297454 0.56743 0.00946 1.17331 0.00972 0.71649 0.01035 0.11363 0.01176 1.25260 0.01007 0.79578 0.01068 0.19292 0.01205 0.95812 0.00890 0.50129 0.00959 -0.10156 0.01110 0.01337 0.00662 -0.44345 0.00752 -1.04631 0.00936 -0.45682 0.00749 -1.05968 0.00934 -0.60286 0.01000
2459543.5305208 0.55872 0.00948 1.16739 0.00974 0.70472 0.01038 0.10890 0.01177 1.24998 0.01004 0.78731 0.01065 0.19149 0.01201 0.95755 0.00895 0.49488 0.00963 -0.10094 0.01112 0.01930 0.00664 -0.44336 0.00754 -1.03919 0.00936 -0.46267 0.00751 -1.05849 0.00934 -0.59582 0.01000
2459543.5312731 0.56215 0.00942 1.17463 0.00968 0.70841 0.01034 0.10545 0.01174 1.25346 0.01001 0.78723 0.01065 0.18428 0.01202 0.96420 0.00890 0.49798 0.00961 -0.10498 0.01111 0.02203 0.00661 -0.44419 0.00754 -1.04715 0.00937 -0.46622 0.00750 -1.06918 0.00933 -0.60296 0.01001
2459543.5320370 0.55836 0.00948 1.17435 0.00974 0.71599 0.01038 0.11740 0.01175 1.25258 0.01013 0.79422 0.01074 0.19564 0.01208 0.97748 0.00898 0.51912 0.00967 -0.07946 0.01113 0.02286 0.00666 -0.43550 0.00756 -1.03408 0.00936 -0.45836 0.00752 -1.05694 0.00933 -0.59858 0.00999
2459543.5327894 0.55504 0.00955 1.15985 0.00982 0.70222 0.01045 0.09531 0.01186 1.24793 0.01009 0.79030 0.01071 0.18339 0.01209 0.94924 0.00898 0.49161 0.00967 -0.11530 0.01117 0.01675 0.00670 -0.44088 0.00759 -1.04779 0.00944 -0.45764 0.00756 -1.06454 0.00941 -0.60691 0.01007
2459543.5335648 0.55462 0.00956 1.16637 0.00981 0.69566 0.01048 0.10859 0.01185 1.24302 0.01009 0.77231 0.01073 0.18524 0.01208 0.97140 0.00903 0.50069 0.00975 -0.08638 0.01121 0.02111 0.00668 -0.44960 0.00763 -1.03667 0.00943 -0.47071 0.00758 -1.05778 0.00939 -0.58707 0.01008
2459543.5343287 0.55245 0.00945 1.15550 0.00972 0.69633 0.01036 0.09049 0.01173 1.25016 0.01012 0.79099 0.01073 0.18515 0.01206 0.94914 0.00891 0.48997 0.00961 -0.11587 0.01107 0.01300 0.00665 -0.44617 0.00756 -1.05201 0.00935 -0.45917 0.00753 -1.06501 0.00933 -0.60584 0.01000
2459543.5350926 0.55048 0.00942 1.15820 0.00967 0.70096 0.01030 0.10126 0.01170 1.24731 0.01008 0.79007 0.01068 0.19037 0.01204 0.96241 0.00895 0.50517 0.00963 -0.09453 0.01111 0.01647 0.00662 -0.44077 0.00751 -1.04047 0.00934 -0.45723 0.00748 -1.05694 0.00932 -0.59971 0.00997
2459543.5358565 0.55809 0.00938 1.16357 0.00965 0.70753 0.01028 0.10138 0.01171 1.24218 0.00999 0.78614 0.01059 0.17999 0.01199 0.95476 0.00887 0.49872 0.00955 -0.10743 0.01108 0.01743 0.00661 -0.43860 0.00750 -1.04475 0.00936 -0.45603 0.00747 -1.06219 0.00934 -0.60615 0.00999
2459543.5366204 0.54261 0.00943 1.15315 0.00969 0.69116 0.01034 0.09866 0.01171 1.24301 0.01009 0.78103 0.01071 0.18853 0.01204 0.96345 0.00893 0.50146 0.00963 -0.09103 0.01109 0.02234 0.00664 -0.43965 0.00755 -1.03214 0.00934 -0.46199 0.00751 -1.05448 0.00931 -0.59250 0.00998
2459543.5373843 0.55638 0.00950 1.16291 0.00977 0.70503 0.01041 0.09647 0.01182 1.25275 0.01009 0.79488 0.01071 0.18631 0.01209 0.95957 0.00897 0.50170 0.00966 -0.10686 0.01116 0.01384 0.00664 -0.44403 0.00754 -1.05260 0.00940 -0.45787 0.00753 -1.06644 0.00938 -0.60857 0.01004
2459543.5381366 0.55481 0.00959 1.15881 0.00985 0.70511 0.01047 0.09936 0.01191 1.23980 0.01017 0.78611 0.01077 0.18036 0.01218 0.95404 0.00902 0.50035 0.00970 -0.10540 0.01124 0.01592 0.00671 -0.43777 0.00759 -1.04352 0.00948 -0.45369 0.00756 -1.05944 0.00946 -0.60575 0.01010
2459543.5389005 0.53132 0.00949 1.13803 0.00976 0.68301 0.01041 0.07444 0.01188 1.24673 0.01018 0.79171 0.01081 0.18315 0.01223 0.95622 0.00903 0.50120 0.00972 -0.10737 0.01129 0.01749 0.00673 -0.43753 0.00764 -1.04609 0.00955 -0.45502 0.00760 -1.06359 0.00952 -0.60857 0.01018
2459543.5396644 0.53477 0.00959 1.14578 0.00985 0.68382 0.01049 0.08213 0.01192 1.25518 0.01024 0.79322 0.01086 0.19153 0.01224 0.95831 0.00904 0.49635 0.00974 -0.10534 0.01126 0.02139 0.00671 -0.44057 0.00762 -1.04226 0.00949 -0.46196 0.00759 -1.06365 0.00946 -0.60169 0.01013
2459543.5404167 0.53922 0.00941 1.14985 0.00967 0.68594 0.01032 0.07482 0.01177 1.24678 0.01010 0.78288 0.01073 0.17175 0.01214 0.95826 0.00898 0.49435 0.00968 -0.11677 0.01122 0.02345 0.00666 -0.44046 0.00758 -1.05158 0.00946 -0.46391 0.00753 -1.07503 0.00943 -0.61112 0.01009
2459543.5411806 0.53223 0.00948 1.14406 0.00974 0.68726 0.01039 0.07711 0.01183 1.25359 0.01018 0.79679 0.01080 0.18664 0.01218 0.95674 0.00900 0.49995 0.00969 -0.11020 0.01122 0.02400 0.00671 -0.43279 0.00762 -1.04295 0.00949 -0.45679 0.00757 -1.06695 0.00945 -0.61015 0.01011
2459543.5419329 0.53843 0.00947 1.15179 0.00973 0.69526 0.01036 0.10581 0.01176 1.25127 0.01016 0.79475 0.01076 0.20529 0.01211 0.96836 0.00905 0.51183 0.00972 -0.07763 0.01120 0.02253 0.00672 -0.43399 0.00760 -1.02345 0.00941 -0.45653 0.00756 -1.04598 0.00938 -0.58946 0.01003
2459543.5426968 0.53312 0.00942 1.14518 0.00968 0.67922 0.01034 0.07296 0.01177 1.25355 0.01013 0.78759 0.01076 0.18132 0.01214 0.97194 0.00903 0.50598 0.00973 -0.10029 0.01124 0.01803 0.00667 -0.44792 0.00760 -1.05419 0.00945 -0.46596 0.00756 -1.07222 0.00942 -0.60627 0.01010
2459543.5441319 0.52789 0.00934 1.13538 0.00961 0.67554 0.01025 0.07441 0.01169 1.24654 0.01003 0.78670 0.01066 0.18557 0.01204 0.95321 0.00891 0.49337 0.00961 -0.10776 0.01112 0.02019 0.00664 -0.43965 0.00755 -1.04078 0.00940 -0.45984 0.00750 -1.06097 0.00936 -0.60113 0.01002
2459543.5448958 0.54296 0.00946 1.14493 0.00973 0.68949 0.01035 0.09099 0.01173 1.23997 0.01015 0.78453 0.01075 0.18603 0.01208 0.95031 0.00892 0.49487 0.00959 -0.10363 0.01106 0.01391 0.00665 -0.44153 0.00754 -1.04003 0.00933 -0.45544 0.00751 -1.05394 0.00931 -0.59850 0.00996
2459543.5456597 0.53214 0.00953 1.14002 0.00979 0.68197 0.01046 0.08662 0.01185 1.25010 0.01030 0.79206 0.01094 0.19670 0.01228 0.95535 0.00906 0.49730 0.00979 -0.09805 0.01126 0.01881 0.00673 -0.43923 0.00768 -1.03459 0.00948 -0.45805 0.00765 -1.05340 0.00946 -0.59535 0.01015
2459543.5464236 0.52366 0.00934 1.13264 0.00961 0.67459 0.01026 0.07146 0.01167 1.24277 0.01007 0.78472 0.01069 0.18159 0.01205 0.96545 0.00898 0.50740 0.00967 -0.09573 0.01116 0.01885 0.00666 -0.43920 0.00757 -1.04233 0.00939 -0.45805 0.00753 -1.06118 0.00936 -0.60313 0.01003
2459543.5471875 0.52853 0.00941 1.13027 0.00967 0.67722 0.01032 0.08262 0.01168 1.24108 0.01016 0.78803 0.01078 0.19342 0.01208 0.96004 0.00898 0.50699 0.00968 -0.08761 0.01111 0.00907 0.00667 -0.44398 0.00758 -1.03859 0.00935 -0.45305 0.00756 -1.04766 0.00933 -0.59461 0.01000
2459543.5479398 0.51358 0.00942 1.13330 0.00967 0.66827 0.01033 0.06426 0.01180 1.26450 0.01027 0.79947 0.01089 0.19546 0.01229 0.97083 0.00909 0.50581 0.00979 -0.09821 0.01133 0.02830 0.00671 -0.43672 0.00763 -1.04074 0.00953 -0.46503 0.00758 -1.06904 0.00949 -0.60402 0.01016
2459543.5487037 0.52001 0.00953 1.12559 0.00979 0.66472 0.01045 0.06407 0.01191 1.25012 0.01029 0.78926 0.01092 0.18860 0.01233 0.95575 0.00910 0.49489 0.00981 -0.10577 0.01136 0.01463 0.00674 -0.44623 0.00767 -1.04689 0.00957 -0.46086 0.00764 -1.06152 0.00954 -0.60066 0.01022
2459543.5494676 0.51342 0.00933 1.12453 0.00959 0.66182 0.01024 0.05795 0.01169 1.25595 0.01009 0.79324 0.01071 0.18936 0.01210 0.96364 0.00904 0.50092 0.00973 -0.10295 0.01124 0.01909 0.00666 -0.44363 0.00757 -1.04750 0.00944 -0.46271 0.00754 -1.06659 0.00941 -0.60388 0.01008
2459543.5502315 0.51848 0.00957 1.12800 0.00983 0.67755 0.01047 0.06467 0.01193 1.25207 0.01036 0.80161 0.01097 0.18873 0.01237 0.96377 0.00914 0.51331 0.00982 -0.09956 0.01137 0.01751 0.00678 -0.43295 0.00768 -1.04583 0.00958 -0.45046 0.00764 -1.06334 0.00955 -0.61288 0.01021
2459543.5509838 0.51314 0.00940 1.12732 0.00965 0.66329 0.01031 0.05615 0.01181 1.26142 0.01024 0.79738 0.01087 0.19025 0.01230 0.96373 0.00904 0.49969 0.00975 -0.10744 0.01132 0.02264 0.00669 -0.44140 0.00761 -1.04854 0.00955 -0.46404 0.00757 -1.07117 0.00951 -0.60714 0.01018
2459543.5517477 0.51955 0.00941 1.12974 0.00967 0.67056 0.01032 0.07329 0.01176 1.25535 0.01025 0.79617 0.01087 0.19890 0.01225 0.95875 0.00908 0.49957 0.00977 -0.09770 0.01128 0.01973 0.00671 -0.43945 0.00761 -1.03672 0.00948 -0.45918 0.00757 -1.05645 0.00945 -0.59727 0.01011
2459543.5525116 0.50767 0.00938 1.11300 0.00965 0.66405 0.01029 0.04336 0.01183 1.24602 0.01020 0.79707 0.01081 0.17638 0.01229 0.95154 0.00905 0.50259 0.00973 -0.11810 0.01135 0.01729 0.00670 -0.43166 0.00761 -1.05235 0.00958 -0.44895 0.00757 -1.06964 0.00956 -0.62069 0.01021
2459543.5532755 0.51378 0.00951 1.11225 0.00977 0.65784 0.01043 0.06458 0.01185 1.24886 0.01040 0.79445 0.01102 0.20120 0.01237 0.95313 0.00919 0.49872 0.00989 -0.09453 0.01137 0.00377 0.00677 -0.45064 0.00769 -1.04390 0.00953 -0.45441 0.00768 -1.04767 0.00952 -0.59325 0.01020
2459543.5540278 0.51726 0.00951 1.13269 0.00976 0.67040 0.01042 0.06557 0.01190 1.26305 0.01030 0.80075 0.01092 0.19592 0.01235 0.95032 0.00905 0.48802 0.00975 -0.11681 0.01133 0.03000 0.00675 -0.43230 0.00767 -1.03712 0.00959 -0.46230 0.00762 -1.06712 0.00955 -0.60482 0.01021
2459543.5547917 0.50842 0.00948 1.12025 0.00974 0.66028 0.01038 0.04820 0.01190 1.25830 0.01025 0.79833 0.01087 0.18624 0.01232 0.95600 0.00911 0.49603 0.00980 -0.11606 0.01139 0.02281 0.00673 -0.43717 0.00763 -1.04925 0.00959 -0.45997 0.00759 -1.07206 0.00956 -0.61208 0.01022
2459543.5555556 0.50453 0.00953 1.11104 0.00981 0.65671 0.01047 0.04536 0.01199 1.24159 0.01028 0.78726 0.01091 0.17591 0.01237 0.95311 0.00914 0.49877 0.00985 -0.11258 0.01145 0.02013 0.00680 -0.43421 0.00772 -1.04555 0.00968 -0.45433 0.00768 -1.06568 0.00965 -0.61135 0.01032
2459543.5563194 0.50759 0.00953 1.11688 0.00979 0.67058 0.01043 0.05618 0.01195 1.25608 0.01048 0.80978 0.01108 0.19538 0.01252 0.95251 0.00918 0.50622 0.00985 -0.10818 0.01145 0.02056 0.00681 -0.42574 0.00770 -1.04014 0.00966 -0.44630 0.00767 -1.06070 0.00964 -0.61440 0.01028
2459543.5570718 0.50152 0.00943 1.10785 0.00970 0.65375 0.01037 0.05064 0.01182 1.24504 0.01027 0.79095 0.01090 0.18783 0.01229 0.94965 0.00905 0.49555 0.00976 -0.10756 0.01129 0.02015 0.00674 -0.43394 0.00766 -1.03706 0.00953 -0.45409 0.00763 -1.05721 0.00951 -0.60312 0.01018
2459543.5578472 0.50261 0.00966 1.10374 0.00992 0.65314 0.01062 0.04005 0.01217 1.24099 0.01052 0.79040 0.01118 0.17731 0.01266 0.94914 0.00933 0.49855 0.01006 -0.11454 0.01169 0.01259 0.00689 -0.43801 0.00786 -1.05110 0.00986 -0.45060 0.00781 -1.06369 0.00982 -0.61309 0.01052
2459543.5585995 0.50748 0.00996 1.11470 0.01021 0.65793 0.01091 0.04697 0.01245 1.26124 0.01091 0.80447 0.01157 0.19351 0.01304 0.95255 0.00953 0.49577 0.01028 -0.11519 0.01190 0.01530 0.00703 -0.44147 0.00802 -1.05243 0.01001 -0.45677 0.00798 -1.06773 0.00998 -0.61096 0.01070
2459543.5593634 0.50778 0.00992 1.11540 0.01018 0.66202 0.01088 0.05151 0.01246 1.24150 0.01075 0.78811 0.01142 0.17760 0.01293 0.96111 0.00952 0.50772 0.01027 -0.10279 0.01193 0.01872 0.00701 -0.43466 0.00799 -1.04517 0.01004 -0.45339 0.00795 -1.06390 0.01001 -0.61051 0.01072
2459543.5601157 0.50009 0.00992 1.11210 0.01017 0.64329 0.01086 0.04030 0.01245 1.24635 0.01076 0.77755 0.01142 0.17455 0.01293 0.95964 0.00947 0.49083 0.01020 -0.11216 0.01188 0.02542 0.00701 -0.44339 0.00798 -1.04638 0.01003 -0.46880 0.00793 -1.07180 0.00999 -0.60299 0.01069
2459543.5608796 0.49408 0.01026 1.10966 0.01051 0.64967 0.01123 0.04105 0.01288 1.26119 0.01125 0.80119 0.01193 0.19258 0.01348 0.95820 0.00981 0.49820 0.01058 -0.11042 0.01231 0.02749 0.00725 -0.43250 0.00826 -1.04112 0.01039 -0.46000 0.00821 -1.06861 0.01034 -0.60861 0.01108
2459543.5616319 0.48211 0.01009 1.08798 0.01034 0.62994 0.01108 0.02167 0.01271 1.25512 0.01121 0.79708 0.01190 0.18881 0.01343 0.95670 0.00979 0.49866 0.01057 -0.10961 0.01227 0.01314 0.00720 -0.44490 0.00823 -1.05317 0.01032 -0.45804 0.00819 -1.06631 0.01029 -0.60827 0.01103
2459543.5623958 0.48473 0.01215 1.09053 0.01239 0.63845 0.01325 0.02921 0.01534 1.24837 0.01322 0.79628 0.01402 0.18704 0.01601 0.94492 0.01163 0.49284 0.01254 -0.11640 0.01473 0.02018 0.00838 -0.43191 0.00960 -1.04115 0.01233 -0.45208 0.00954 -1.06132 0.01228 -0.60924 0.01315
2459543.5631597 0.48670 0.01496 1.08644 0.01512 0.65360 0.01614 0.02735 0.01873 1.23678 0.01641 0.80394 0.01736 0.17769 0.01979 0.94883 0.01417 0.51599 0.01525 -0.11026 0.01797 0.01167 0.00991 -0.42117 0.01140 -1.04742 0.01485 -0.43284 0.01135 -1.05909 0.01481 -0.62625 0.01585
2459543.5639120 99.99999 9.99999 99.99999 9.99999 99.99999 9.99999 99.99999 9.99999 99.99999 9.99999 99.99999 9.99999 99.99999 9.99999 99.99999 9.99999 99.99999 9.99999 99.99999 9.99999 99.99999 9.99999 99.99999 9.99999 99.99999 9.99999 99.99999 9.99999 99.99999 9.99999 99.99999 9.99999
